0.001001001001	0.643	0.673	0.634	0.625
0.002002002002	0.644	0.725	0.648	0.629
0.003003003003	0.648	0.777	0.65	0.629
0.004004004004	0.648	0.792	0.654	0.65
0.00500500500501	0.653	0.793	0.654	0.65
0.00600600600601	0.657	0.796	0.655	0.653
0.00700700700701	0.659	0.824	0.655	0.657
0.00800800800801	0.661	0.842	0.656	0.658
0.00900900900901	0.663	0.874	0.659	0.658
0.01001001001	0.663	0.914	0.663	0.66
0.011011011011	0.664	0.954	0.664	0.663
0.012012012012	0.665	1.07	0.665	0.665
0.013013013013	0.665	1.156	0.666	0.667
0.014014014014	0.666	1.291	0.669	0.668
0.015015015015	0.666	1.34	0.669	0.668
0.016016016016	0.666	1.363	0.67	0.673
0.017017017017	0.667	1.364	0.671	0.674
0.018018018018	0.668	1.404	0.673	0.675
0.019019019019	0.668	1.41	0.673	0.675
0.02002002002	0.668	1.484	0.674	0.675
0.021021021021	0.669	1.495	0.674	0.676
0.022022022022	0.67	1.516	0.674	0.677
0.023023023023	0.67	1.536	0.675	0.678
0.024024024024	0.67	1.559	0.675	0.678
0.025025025025	0.671	1.626	0.677	0.678
0.026026026026	0.671	1.657	0.677	0.679
0.027027027027	0.671	1.718	0.677	0.679
0.028028028028	0.672	1.732	0.678	0.68
0.029029029029	0.673	1.744	0.678	0.68
0.03003003003	0.674	1.745	0.679	0.68
0.031031031031	0.674	1.753	0.679	0.681
0.032032032032	0.675	1.771	0.679	0.681
0.033033033033	0.676	1.775	0.679	0.681
0.034034034034	0.676	1.788	0.679	0.681
0.035035035035	0.676	1.79	0.679	0.682
0.036036036036	0.677	1.804	0.68	0.682
0.037037037037	0.678	1.807	0.68	0.682
0.038038038038	0.678	1.813	0.68	0.683
0.039039039039	0.679	1.83	0.68	0.683
0.04004004004	0.679	1.837	0.68	0.683
0.041041041041	0.681	1.85	0.681	0.683
0.042042042042	0.681	1.854	0.681	0.684
0.043043043043	0.681	1.855	0.681	0.684
0.044044044044	0.682	1.868	0.682	0.684
0.045045045045	0.682	1.89	0.682	0.684
0.046046046046	0.682	1.922	0.683	0.684
0.047047047047	0.682	1.922	0.684	0.684
0.048048048048	0.682	1.937	0.684	0.685
0.049049049049	0.682	1.94	0.684	0.685
0.0500500500501	0.683	1.977	0.684	0.685
0.0510510510511	0.683	2.022	0.685	0.685
0.0520520520521	0.684	2.047	0.685	0.685
0.0530530530531	0.684	2.063	0.685	0.685
0.0540540540541	0.685	2.071	0.685	0.686
0.0550550550551	0.685	2.083	0.685	0.687
0.0560560560561	0.685	2.091	0.685	0.687
0.0570570570571	0.686	2.105	0.685	0.687
0.0580580580581	0.687	2.128	0.685	0.687
0.0590590590591	0.687	2.131	0.686	0.687
0.0600600600601	0.687	2.177	0.686	0.687
0.0610610610611	0.687	2.18	0.686	0.688
0.0620620620621	0.687	2.182	0.687	0.688
0.0630630630631	0.688	2.2	0.687	0.688
0.0640640640641	0.688	2.223	0.688	0.689
0.0650650650651	0.688	2.244	0.688	0.689
0.0660660660661	0.689	2.25	0.688	0.689
0.0670670670671	0.689	2.27	0.689	0.69
0.0680680680681	0.689	2.287	0.689	0.691
0.0690690690691	0.689	2.301	0.689	0.692
0.0700700700701	0.689	2.304	0.689	0.692
0.0710710710711	0.69	2.308	0.689	0.693
0.0720720720721	0.69	2.329	0.689	0.693
0.0730730730731	0.691	2.34	0.689	0.693
0.0740740740741	0.691	2.462	0.689	0.693
0.0750750750751	0.692	2.496	0.69	0.694
0.0760760760761	0.692	2.51	0.69	0.694
0.0770770770771	0.692	2.682	0.69	0.694
0.0780780780781	0.692	2.795	0.69	0.694
0.0790790790791	0.692	2.928	0.691	0.694
0.0800800800801	0.692	3.362	0.691	0.694
0.0810810810811	0.692	3.66	0.691	0.695
0.0820820820821	0.693	3.662	0.691	0.695
0.0830830830831	0.693	7.339	0.691	0.695
0.0840840840841	0.693	7.356	0.691	0.695
0.0850850850851	0.694	7.562	0.691	0.695
0.0860860860861	0.694	7.616	0.691	0.695
0.0870870870871	0.694	8.021	0.691	0.695
0.0880880880881	0.695	8.159	0.692	0.695
0.0890890890891	0.695	8.182	0.692	0.695
0.0900900900901	0.695	8.227	0.692	0.696
0.0910910910911	0.695	8.303	0.692	0.696
0.0920920920921	0.695	8.305	0.692	0.696
0.0930930930931	0.696	8.314	0.693	0.696
0.0940940940941	0.696	8.341	0.693	0.696
0.0950950950951	0.696	8.349	0.693	0.696
0.0960960960961	0.696	8.351	0.693	0.696
0.0970970970971	0.697	8.382	0.693	0.696
0.0980980980981	0.697	8.41	0.693	0.697
0.0990990990991	0.697	8.44	0.693	0.697
0.1001001001	0.697	8.451	0.693	0.697
0.101101101101	0.697	8.456	0.693	0.697
0.102102102102	0.697	8.482	0.694	0.697
0.103103103103	0.697	8.482	0.694	0.697
0.104104104104	0.697	8.484	0.694	0.698
0.105105105105	0.698	8.496	0.694	0.698
0.106106106106	0.698	8.503	0.694	0.698
0.107107107107	0.698	8.504	0.694	0.698
0.108108108108	0.698	8.52	0.694	0.698
0.109109109109	0.699	8.529	0.695	0.698
0.11011011011	0.699	8.537	0.695	0.699
0.111111111111	0.7	8.543	0.695	0.699
0.112112112112	0.7	8.548	0.695	0.699
0.113113113113	0.7	8.548	0.695	0.699
0.114114114114	0.7	8.55	0.695	0.699
0.115115115115	0.7	8.557	0.695	0.699
0.116116116116	0.7	8.558	0.696	0.699
0.117117117117	0.7	8.56	0.696	0.699
0.118118118118	0.7	8.565	0.696	0.699
0.119119119119	0.7	8.567	0.696	0.699
0.12012012012	0.701	8.57	0.696	0.699
0.121121121121	0.701	8.574	0.696	0.7
0.122122122122	0.701	8.577	0.696	0.7
0.123123123123	0.701	8.579	0.696	0.7
0.124124124124	0.701	8.579	0.696	0.7
0.125125125125	0.701	8.587	0.697	0.7
0.126126126126	0.702	8.593	0.697	0.7
0.127127127127	0.702	8.602	0.697	0.7
0.128128128128	0.702	8.605	0.697	0.7
0.129129129129	0.702	8.607	0.698	0.7
0.13013013013	0.703	8.61	0.698	0.7
0.131131131131	0.703	8.612	0.698	0.7
0.132132132132	0.703	8.613	0.698	0.701
0.133133133133	0.703	8.613	0.699	0.701
0.134134134134	0.703	8.618	0.699	0.701
0.135135135135	0.703	8.629	0.699	0.701
0.136136136136	0.703	8.632	0.699	0.701
0.137137137137	0.704	8.635	0.699	0.701
0.138138138138	0.704	8.636	0.699	0.702
0.139139139139	0.705	8.636	0.699	0.702
0.14014014014	0.705	8.64	0.7	0.702
0.141141141141	0.705	8.641	0.7	0.702
0.142142142142	0.705	8.646	0.7	0.702
0.143143143143	0.706	8.647	0.7	0.702
0.144144144144	0.706	8.653	0.701	0.702
0.145145145145	0.706	8.662	0.701	0.702
0.146146146146	0.706	8.663	0.701	0.702
0.147147147147	0.707	8.664	0.701	0.702
0.148148148148	0.707	8.665	0.701	0.702
0.149149149149	0.707	8.668	0.701	0.703
0.15015015015	0.707	8.669	0.702	0.703
0.151151151151	0.707	8.683	0.702	0.703
0.152152152152	0.707	8.687	0.702	0.703
0.153153153153	0.708	8.696	0.703	0.703
0.154154154154	0.708	8.697	0.703	0.703
0.155155155155	0.708	8.698	0.703	0.703
0.156156156156	0.708	8.7	0.703	0.703
0.157157157157	0.708	8.709	0.703	0.704
0.158158158158	0.708	8.71	0.703	0.704
0.159159159159	0.708	8.712	0.704	0.704
0.16016016016	0.708	8.713	0.704	0.704
0.161161161161	0.708	8.716	0.704	0.704
0.162162162162	0.709	8.717	0.704	0.704
0.163163163163	0.709	8.728	0.704	0.705
0.164164164164	0.709	8.729	0.704	0.705
0.165165165165	0.709	8.729	0.704	0.706
0.166166166166	0.709	8.734	0.705	0.706
0.167167167167	0.709	8.734	0.705	0.707
0.168168168168	0.709	8.736	0.705	0.707
0.169169169169	0.709	8.736	0.706	0.707
0.17017017017	0.709	8.739	0.706	0.707
0.171171171171	0.709	8.742	0.706	0.707
0.172172172172	0.709	8.743	0.706	0.707
0.173173173173	0.709	8.743	0.706	0.707
0.174174174174	0.71	8.753	0.706	0.707
0.175175175175	0.71	8.755	0.706	0.707
0.176176176176	0.71	8.757	0.706	0.707
0.177177177177	0.71	8.757	0.707	0.707
0.178178178178	0.71	8.759	0.707	0.708
0.179179179179	0.71	8.764	0.707	0.708
0.18018018018	0.71	8.765	0.707	0.708
0.181181181181	0.71	8.765	0.707	0.708
0.182182182182	0.711	8.766	0.707	0.708
0.183183183183	0.711	8.768	0.707	0.708
0.184184184184	0.711	8.768	0.707	0.708
0.185185185185	0.711	8.774	0.708	0.708
0.186186186186	0.711	8.775	0.708	0.708
0.187187187187	0.712	8.781	0.708	0.708
0.188188188188	0.712	8.781	0.708	0.709
0.189189189189	0.712	8.786	0.708	0.709
0.19019019019	0.712	8.787	0.708	0.709
0.191191191191	0.712	8.789	0.708	0.709
0.192192192192	0.712	8.793	0.708	0.709
0.193193193193	0.713	8.795	0.709	0.709
0.194194194194	0.713	8.797	0.709	0.709
0.195195195195	0.713	8.798	0.709	0.709
0.196196196196	0.713	8.801	0.709	0.709
0.197197197197	0.714	8.804	0.709	0.71
0.198198198198	0.714	8.804	0.709	0.71
0.199199199199	0.714	8.805	0.709	0.71
0.2002002002	0.714	8.808	0.71	0.71
0.201201201201	0.714	8.809	0.71	0.71
0.202202202202	0.714	8.809	0.71	0.71
0.203203203203	0.714	8.814	0.71	0.71
0.204204204204	0.715	8.82	0.71	0.71
0.205205205205	0.715	8.822	0.71	0.71
0.206206206206	0.715	8.822	0.71	0.71
0.207207207207	0.716	8.822	0.71	0.71
0.208208208208	0.716	8.822	0.71	0.71
0.209209209209	0.716	8.825	0.71	0.71
0.21021021021	0.716	8.826	0.71	0.71
0.211211211211	0.716	8.834	0.711	0.71
0.212212212212	0.716	8.834	0.711	0.71
0.213213213213	0.716	8.834	0.711	0.711
0.214214214214	0.716	8.835	0.711	0.711
0.215215215215	0.717	8.835	0.711	0.711
0.216216216216	0.717	8.835	0.711	0.711
0.217217217217	0.717	8.84	0.712	0.711
0.218218218218	0.717	8.841	0.712	0.711
0.219219219219	0.717	8.843	0.712	0.711
0.22022022022	0.718	8.844	0.712	0.712
0.221221221221	0.718	8.853	0.712	0.712
0.222222222222	0.718	8.863	0.712	0.712
0.223223223223	0.718	8.864	0.712	0.712
0.224224224224	0.718	8.865	0.712	0.712
0.225225225225	0.719	8.868	0.712	0.712
0.226226226226	0.719	8.869	0.712	0.712
0.227227227227	0.719	8.869	0.712	0.712
0.228228228228	0.719	8.871	0.712	0.712
0.229229229229	0.719	8.874	0.712	0.712
0.23023023023	0.719	8.874	0.712	0.712
0.231231231231	0.72	8.875	0.712	0.713
0.232232232232	0.72	8.876	0.712	0.713
0.233233233233	0.72	8.878	0.713	0.713
0.234234234234	0.72	8.879	0.713	0.713
0.235235235235	0.72	8.879	0.713	0.713
0.236236236236	0.721	8.88	0.713	0.713
0.237237237237	0.721	8.88	0.713	0.713
0.238238238238	0.721	8.88	0.713	0.713
0.239239239239	0.721	8.881	0.713	0.713
0.24024024024	0.721	8.884	0.713	0.713
0.241241241241	0.721	8.885	0.713	0.713
0.242242242242	0.721	8.886	0.713	0.714
0.243243243243	0.721	8.887	0.713	0.714
0.244244244244	0.722	8.889	0.713	0.714
0.245245245245	0.722	8.89	0.713	0.714
0.246246246246	0.722	8.892	0.713	0.714
0.247247247247	0.722	8.894	0.714	0.715
0.248248248248	0.722	8.897	0.714	0.715
0.249249249249	0.722	8.897	0.714	0.715
0.25025025025	0.722	8.901	0.714	0.715
0.251251251251	0.722	8.902	0.714	0.715
0.252252252252	0.723	8.903	0.714	0.715
0.253253253253	0.723	8.904	0.714	0.715
0.254254254254	0.723	8.905	0.714	0.715
0.255255255255	0.723	8.907	0.714	0.715
0.256256256256	0.723	8.908	0.714	0.716
0.257257257257	0.723	8.908	0.714	0.716
0.258258258258	0.724	8.908	0.714	0.716
0.259259259259	0.724	8.91	0.714	0.716
0.26026026026	0.724	8.91	0.714	0.716
0.261261261261	0.724	8.911	0.714	0.716
0.262262262262	0.724	8.914	0.715	0.716
0.263263263263	0.725	8.914	0.715	0.716
0.264264264264	0.725	8.914	0.715	0.716
0.265265265265	0.725	8.916	0.715	0.716
0.266266266266	0.725	8.916	0.715	0.716
0.267267267267	0.725	8.916	0.716	0.717
0.268268268268	0.725	8.917	0.716	0.717
0.269269269269	0.725	8.919	0.716	0.717
0.27027027027	0.726	8.919	0.716	0.717
0.271271271271	0.726	8.921	0.716	0.717
0.272272272272	0.726	8.922	0.716	0.717
0.273273273273	0.726	8.925	0.716	0.717
0.274274274274	0.726	8.925	0.716	0.717
0.275275275275	0.726	8.926	0.717	0.717
0.276276276276	0.727	8.926	0.717	0.718
0.277277277277	0.728	8.929	0.717	0.718
0.278278278278	0.728	8.93	0.717	0.718
0.279279279279	0.728	8.931	0.717	0.718
0.28028028028	0.728	8.932	0.717	0.718
0.281281281281	0.728	8.937	0.717	0.718
0.282282282282	0.728	8.939	0.717	0.718
0.283283283283	0.729	8.939	0.717	0.718
0.284284284284	0.729	8.943	0.717	0.718
0.285285285285	0.73	8.947	0.717	0.718
0.286286286286	0.73	8.947	0.718	0.718
0.287287287287	0.73	8.947	0.718	0.718
0.288288288288	0.731	8.949	0.718	0.718
0.289289289289	0.731	8.949	0.718	0.719
0.29029029029	0.732	8.951	0.718	0.719
0.291291291291	0.732	8.956	0.718	0.719
0.292292292292	0.732	8.956	0.718	0.719
0.293293293293	0.732	8.956	0.718	0.72
0.294294294294	0.732	8.956	0.718	0.72
0.295295295295	0.732	8.957	0.718	0.72
0.296296296296	0.733	8.958	0.718	0.72
0.297297297297	0.734	8.959	0.719	0.72
0.298298298298	0.734	8.961	0.719	0.72
0.299299299299	0.734	8.962	0.72	0.72
0.3003003003	0.734	8.963	0.72	0.72
0.301301301301	0.734	8.965	0.72	0.72
0.302302302302	0.734	8.966	0.72	0.72
0.303303303303	0.734	8.967	0.72	0.72
0.304304304304	0.734	8.967	0.72	0.72
0.305305305305	0.735	8.969	0.72	0.72
0.306306306306	0.735	8.974	0.72	0.721
0.307307307307	0.735	8.974	0.72	0.721
0.308308308308	0.735	8.976	0.72	0.721
0.309309309309	0.735	8.981	0.721	0.721
0.31031031031	0.735	8.982	0.721	0.721
0.311311311311	0.735	8.982	0.721	0.721
0.312312312312	0.736	8.983	0.721	0.721
0.313313313313	0.736	8.984	0.721	0.722
0.314314314314	0.737	8.987	0.721	0.722
0.315315315315	0.737	8.991	0.721	0.722
0.316316316316	0.738	8.994	0.721	0.722
0.317317317317	0.738	8.999	0.722	0.722
0.318318318318	0.738	9.0	0.722	0.722
0.319319319319	0.738	9.001	0.722	0.722
0.32032032032	0.738	9.002	0.722	0.722
0.321321321321	0.738	9.002	0.722	0.722
0.322322322322	0.738	9.003	0.722	0.722
0.323323323323	0.739	9.003	0.722	0.722
0.324324324324	0.739	9.004	0.722	0.722
0.325325325325	0.739	9.005	0.722	0.723
0.326326326326	0.74	9.005	0.722	0.723
0.327327327327	0.74	9.006	0.723	0.723
0.328328328328	0.74	9.006	0.723	0.723
0.329329329329	0.741	9.006	0.723	0.723
0.33033033033	0.741	9.008	0.723	0.723
0.331331331331	0.741	9.008	0.723	0.723
0.332332332332	0.741	9.012	0.723	0.724
0.333333333333	0.741	9.014	0.723	0.724
0.334334334334	0.741	9.014	0.724	0.724
0.335335335335	0.741	9.015	0.724	0.724
0.336336336336	0.741	9.018	0.724	0.724
0.337337337337	0.741	9.019	0.724	0.724
0.338338338338	0.742	9.021	0.724	0.724
0.339339339339	0.742	9.023	0.724	0.724
0.34034034034	0.742	9.024	0.725	0.725
0.341341341341	0.742	9.025	0.725	0.725
0.342342342342	0.742	9.027	0.726	0.725
0.343343343343	0.742	9.028	0.726	0.725
0.344344344344	0.743	9.028	0.726	0.725
0.345345345345	0.743	9.031	0.726	0.725
0.346346346346	0.743	9.032	0.726	0.725
0.347347347347	0.743	9.032	0.727	0.725
0.348348348348	0.743	9.033	0.727	0.725
0.349349349349	0.744	9.033	0.727	0.725
0.35035035035	0.744	9.033	0.727	0.725
0.351351351351	0.744	9.034	0.728	0.726
0.352352352352	0.744	9.034	0.728	0.726
0.353353353353	0.744	9.035	0.728	0.726
0.354354354354	0.744	9.037	0.728	0.726
0.355355355355	0.744	9.038	0.728	0.726
0.356356356356	0.744	9.038	0.728	0.726
0.357357357357	0.745	9.038	0.728	0.726
0.358358358358	0.745	9.038	0.728	0.726
0.359359359359	0.746	9.041	0.728	0.726
0.36036036036	0.746	9.041	0.729	0.726
0.361361361361	0.746	9.042	0.729	0.726
0.362362362362	0.746	9.042	0.729	0.726
0.363363363363	0.746	9.042	0.729	0.727
0.364364364364	0.746	9.042	0.729	0.727
0.365365365365	0.746	9.043	0.729	0.727
0.366366366366	0.746	9.045	0.729	0.727
0.367367367367	0.746	9.048	0.729	0.727
0.368368368368	0.747	9.05	0.729	0.727
0.369369369369	0.747	9.05	0.729	0.728
0.37037037037	0.747	9.053	0.73	0.728
0.371371371371	0.747	9.054	0.73	0.728
0.372372372372	0.748	9.054	0.73	0.728
0.373373373373	0.748	9.054	0.73	0.728
0.374374374374	0.748	9.054	0.73	0.728
0.375375375375	0.748	9.054	0.731	0.728
0.376376376376	0.749	9.054	0.731	0.728
0.377377377377	0.749	9.056	0.731	0.729
0.378378378378	0.749	9.057	0.731	0.729
0.379379379379	0.749	9.058	0.731	0.729
0.38038038038	0.749	9.06	0.731	0.729
0.381381381381	0.749	9.061	0.731	0.729
0.382382382382	0.749	9.062	0.731	0.729
0.383383383383	0.75	9.064	0.732	0.729
0.384384384384	0.75	9.065	0.732	0.729
0.385385385385	0.75	9.067	0.732	0.729
0.386386386386	0.75	9.068	0.732	0.729
0.387387387387	0.751	9.068	0.732	0.729
0.388388388388	0.751	9.069	0.732	0.729
0.389389389389	0.751	9.072	0.732	0.73
0.39039039039	0.751	9.073	0.732	0.73
0.391391391391	0.751	9.074	0.732	0.73
0.392392392392	0.751	9.075	0.732	0.73
0.393393393393	0.751	9.076	0.732	0.73
0.394394394394	0.751	9.077	0.732	0.73
0.395395395395	0.752	9.077	0.732	0.73
0.396396396396	0.752	9.077	0.733	0.73
0.397397397397	0.752	9.077	0.733	0.73
0.398398398398	0.752	9.078	0.733	0.731
0.399399399399	0.752	9.078	0.733	0.731
0.4004004004	0.753	9.079	0.733	0.731
0.401401401401	0.753	9.081	0.733	0.731
0.402402402402	0.753	9.082	0.734	0.731
0.403403403403	0.753	9.082	0.734	0.731
0.404404404404	0.753	9.083	0.734	0.731
0.405405405405	0.753	9.083	0.734	0.731
0.406406406406	0.753	9.084	0.735	0.732
0.407407407407	0.754	9.087	0.735	0.732
0.408408408408	0.754	9.091	0.735	0.732
0.409409409409	0.754	9.092	0.735	0.732
0.41041041041	0.755	9.092	0.735	0.732
0.411411411411	0.755	9.093	0.735	0.732
0.412412412412	0.755	9.094	0.735	0.732
0.413413413413	0.755	9.095	0.735	0.733
0.414414414414	0.755	9.099	0.735	0.733
0.415415415415	0.755	9.099	0.735	0.733
0.416416416416	0.755	9.1	0.736	0.733
0.417417417417	0.756	9.102	0.736	0.733
0.418418418418	0.756	9.102	0.736	0.733
0.419419419419	0.756	9.102	0.737	0.733
0.42042042042	0.757	9.103	0.737	0.733
0.421421421421	0.757	9.105	0.737	0.733
0.422422422422	0.757	9.105	0.737	0.734
0.423423423423	0.757	9.112	0.737	0.734
0.424424424424	0.757	9.113	0.737	0.734
0.425425425425	0.758	9.114	0.738	0.734
0.426426426426	0.758	9.115	0.739	0.734
0.427427427427	0.759	9.115	0.739	0.734
0.428428428428	0.759	9.116	0.739	0.735
0.429429429429	0.759	9.117	0.739	0.735
0.43043043043	0.76	9.118	0.739	0.735
0.431431431431	0.76	9.118	0.739	0.735
0.432432432432	0.76	9.119	0.739	0.735
0.433433433433	0.76	9.122	0.74	0.735
0.434434434434	0.761	9.126	0.74	0.735
0.435435435435	0.761	9.127	0.74	0.735
0.436436436436	0.762	9.127	0.74	0.735
0.437437437437	0.762	9.127	0.74	0.736
0.438438438438	0.762	9.127	0.74	0.736
0.439439439439	0.762	9.128	0.74	0.736
0.44044044044	0.763	9.128	0.74	0.736
0.441441441441	0.763	9.129	0.741	0.737
0.442442442442	0.763	9.129	0.741	0.737
0.443443443443	0.763	9.131	0.741	0.737
0.444444444444	0.764	9.131	0.741	0.737
0.445445445445	0.764	9.131	0.741	0.737
0.446446446446	0.764	9.132	0.741	0.737
0.447447447447	0.764	9.132	0.741	0.737
0.448448448448	0.765	9.134	0.742	0.737
0.449449449449	0.765	9.136	0.742	0.737
0.45045045045	0.765	9.139	0.742	0.737
0.451451451451	0.765	9.139	0.742	0.737
0.452452452452	0.765	9.139	0.742	0.737
0.453453453453	0.766	9.141	0.742	0.737
0.454454454454	0.766	9.145	0.742	0.738
0.455455455455	0.767	9.145	0.742	0.738
0.456456456456	0.767	9.147	0.743	0.738
0.457457457457	0.767	9.148	0.743	0.738
0.458458458458	0.768	9.15	0.743	0.738
0.459459459459	0.768	9.151	0.743	0.738
0.46046046046	0.768	9.152	0.743	0.738
0.461461461461	0.768	9.152	0.743	0.738
0.462462462462	0.768	9.152	0.743	0.739
0.463463463463	0.769	9.152	0.743	0.739
0.464464464464	0.769	9.155	0.743	0.739
0.465465465465	0.769	9.156	0.744	0.739
0.466466466466	0.77	9.156	0.744	0.739
0.467467467467	0.771	9.157	0.744	0.739
0.468468468468	0.771	9.158	0.744	0.739
0.469469469469	0.772	9.159	0.744	0.739
0.47047047047	0.772	9.16	0.744	0.739
0.471471471471	0.773	9.161	0.744	0.739
0.472472472472	0.773	9.162	0.745	0.739
0.473473473473	0.773	9.162	0.745	0.74
0.474474474474	0.774	9.163	0.745	0.74
0.475475475475	0.774	9.164	0.746	0.74
0.476476476476	0.774	9.164	0.746	0.74
0.477477477477	0.774	9.165	0.746	0.74
0.478478478478	0.774	9.165	0.746	0.74
0.479479479479	0.774	9.167	0.746	0.74
0.48048048048	0.775	9.167	0.746	0.74
0.481481481481	0.775	9.168	0.746	0.74
0.482482482482	0.776	9.169	0.746	0.74
0.483483483483	0.776	9.169	0.746	0.74
0.484484484484	0.777	9.17	0.747	0.741
0.485485485485	0.777	9.171	0.747	0.741
0.486486486486	0.777	9.171	0.747	0.741
0.487487487487	0.778	9.172	0.747	0.741
0.488488488488	0.778	9.173	0.747	0.741
0.489489489489	0.778	9.175	0.747	0.742
0.49049049049	0.779	9.176	0.747	0.742
0.491491491491	0.779	9.178	0.747	0.742
0.492492492492	0.78	9.178	0.747	0.742
0.493493493493	0.781	9.182	0.747	0.742
0.494494494494	0.781	9.184	0.748	0.742
0.495495495495	0.782	9.184	0.748	0.742
0.496496496496	0.782	9.184	0.748	0.742
0.497497497497	0.782	9.184	0.748	0.742
0.498498498498	0.782	9.186	0.748	0.743
0.499499499499	0.782	9.187	0.748	0.743
0.500500500501	0.782	9.189	0.748	0.743
0.501501501502	0.783	9.193	0.748	0.743
0.502502502503	0.783	9.193	0.748	0.743
0.503503503504	0.783	9.194	0.748	0.743
0.504504504505	0.784	9.195	0.749	0.743
0.505505505506	0.784	9.195	0.749	0.743
0.506506506507	0.784	9.196	0.749	0.743
0.507507507508	0.785	9.196	0.749	0.744
0.508508508509	0.785	9.196	0.749	0.744
0.50950950951	0.786	9.197	0.749	0.744
0.510510510511	0.786	9.198	0.749	0.744
0.511511511512	0.786	9.199	0.749	0.744
0.512512512513	0.787	9.199	0.75	0.744
0.513513513514	0.788	9.2	0.75	0.744
0.514514514515	0.789	9.202	0.75	0.745
0.515515515516	0.789	9.203	0.75	0.745
0.516516516517	0.79	9.203	0.75	0.745
0.517517517518	0.791	9.203	0.751	0.745
0.518518518519	0.791	9.204	0.751	0.745
0.51951951952	0.793	9.204	0.751	0.745
0.520520520521	0.793	9.204	0.751	0.745
0.521521521522	0.793	9.205	0.751	0.745
0.522522522523	0.794	9.206	0.752	0.746
0.523523523524	0.794	9.208	0.752	0.746
0.524524524525	0.794	9.208	0.752	0.746
0.525525525526	0.795	9.209	0.752	0.746
0.526526526527	0.796	9.211	0.752	0.747
0.527527527528	0.797	9.212	0.752	0.747
0.528528528529	0.797	9.213	0.752	0.747
0.52952952953	0.797	9.214	0.752	0.747
0.530530530531	0.797	9.215	0.752	0.747
0.531531531532	0.797	9.215	0.753	0.747
0.532532532533	0.799	9.216	0.753	0.747
0.533533533534	0.8	9.218	0.753	0.747
0.534534534535	0.801	9.22	0.753	0.748
0.535535535536	0.801	9.22	0.753	0.748
0.536536536537	0.801	9.221	0.753	0.748
0.537537537538	0.802	9.222	0.754	0.748
0.538538538539	0.802	9.223	0.754	0.748
0.53953953954	0.804	9.223	0.754	0.748
0.540540540541	0.805	9.226	0.754	0.749
0.541541541542	0.805	9.227	0.754	0.749
0.542542542543	0.806	9.228	0.754	0.749
0.543543543544	0.806	9.229	0.754	0.749
0.544544544545	0.806	9.229	0.754	0.749
0.545545545546	0.808	9.23	0.755	0.75
0.546546546547	0.809	9.232	0.755	0.75
0.547547547548	0.81	9.233	0.755	0.75
0.548548548549	0.81	9.234	0.755	0.75
0.54954954955	0.81	9.236	0.755	0.75
0.550550550551	0.81	9.237	0.755	0.75
0.551551551552	0.811	9.238	0.755	0.75
0.552552552553	0.812	9.238	0.756	0.751
0.553553553554	0.813	9.238	0.756	0.751
0.554554554555	0.813	9.239	0.756	0.751
0.555555555556	0.813	9.24	0.756	0.751
0.556556556557	0.813	9.242	0.756	0.751
0.557557557558	0.814	9.243	0.756	0.751
0.558558558559	0.815	9.243	0.756	0.751
0.55955955956	0.817	9.243	0.757	0.751
0.560560560561	0.818	9.246	0.757	0.751
0.561561561562	0.819	9.247	0.757	0.752
0.562562562563	0.82	9.25	0.757	0.752
0.563563563564	0.82	9.25	0.757	0.752
0.564564564565	0.82	9.25	0.757	0.752
0.565565565566	0.82	9.252	0.758	0.752
0.566566566567	0.82	9.254	0.758	0.752
0.567567567568	0.822	9.255	0.758	0.752
0.568568568569	0.822	9.256	0.758	0.753
0.56956956957	0.822	9.26	0.758	0.753
0.570570570571	0.823	9.261	0.759	0.753
0.571571571572	0.823	9.261	0.759	0.754
0.572572572573	0.823	9.263	0.759	0.754
0.573573573574	0.824	9.265	0.76	0.754
0.574574574575	0.825	9.266	0.76	0.754
0.575575575576	0.825	9.271	0.76	0.755
0.576576576577	0.826	9.274	0.76	0.755
0.577577577578	0.826	9.275	0.76	0.755
0.578578578579	0.827	9.275	0.761	0.756
0.57957957958	0.827	9.276	0.761	0.756
0.580580580581	0.827	9.28	0.761	0.756
0.581581581582	0.828	9.282	0.761	0.756
0.582582582583	0.828	9.283	0.761	0.757
0.583583583584	0.829	9.284	0.762	0.757
0.584584584585	0.829	9.284	0.762	0.757
0.585585585586	0.83	9.286	0.763	0.757
0.586586586587	0.83	9.286	0.763	0.757
0.587587587588	0.831	9.291	0.764	0.757
0.588588588589	0.831	9.294	0.764	0.757
0.58958958959	0.832	9.294	0.764	0.757
0.590590590591	0.833	9.295	0.766	0.757
0.591591591592	0.836	9.296	0.766	0.758
0.592592592593	0.836	9.298	0.766	0.758
0.593593593594	0.838	9.299	0.767	0.758
0.594594594595	0.84	9.3	0.767	0.758
0.595595595596	0.841	9.302	0.767	0.758
0.596596596597	0.841	9.302	0.768	0.759
0.597597597598	0.843	9.303	0.768	0.759
0.598598598599	0.844	9.306	0.768	0.759
0.5995995996	0.844	9.307	0.768	0.759
0.600600600601	0.844	9.308	0.768	0.759
0.601601601602	0.847	9.309	0.769	0.759
0.602602602603	0.848	9.309	0.769	0.759
0.603603603604	0.85	9.31	0.769	0.759
0.604604604605	0.851	9.313	0.769	0.759
0.605605605606	0.852	9.314	0.77	0.76
0.606606606607	0.853	9.314	0.77	0.76
0.607607607608	0.854	9.315	0.771	0.76
0.608608608609	0.855	9.315	0.772	0.76
0.60960960961	0.857	9.317	0.772	0.76
0.610610610611	0.857	9.318	0.773	0.76
0.611611611612	0.857	9.32	0.773	0.76
0.612612612613	0.858	9.323	0.773	0.761
0.613613613614	0.859	9.324	0.773	0.761
0.614614614615	0.86	9.325	0.773	0.761
0.615615615616	0.86	9.325	0.774	0.761
0.616616616617	0.861	9.325	0.774	0.762
0.617617617618	0.862	9.33	0.774	0.762
0.618618618619	0.863	9.331	0.774	0.762
0.61961961962	0.865	9.332	0.774	0.762
0.620620620621	0.865	9.333	0.775	0.762
0.621621621622	0.866	9.333	0.775	0.762
0.622622622623	0.866	9.334	0.775	0.762
0.623623623624	0.867	9.334	0.775	0.763
0.624624624625	0.869	9.335	0.776	0.763
0.625625625626	0.869	9.337	0.776	0.763
0.626626626627	0.869	9.337	0.776	0.763
0.627627627628	0.87	9.339	0.776	0.763
0.628628628629	0.87	9.34	0.777	0.764
0.62962962963	0.871	9.341	0.777	0.764
0.630630630631	0.871	9.341	0.778	0.764
0.631631631632	0.871	9.341	0.778	0.764
0.632632632633	0.872	9.344	0.778	0.764
0.633633633634	0.878	9.344	0.778	0.764
0.634634634635	0.878	9.345	0.779	0.765
0.635635635636	0.878	9.346	0.779	0.765
0.636636636637	0.878	9.347	0.779	0.765
0.637637637638	0.878	9.348	0.779	0.765
0.638638638639	0.879	9.349	0.779	0.766
0.63963963964	0.88	9.349	0.78	0.766
0.640640640641	0.881	9.35	0.78	0.766
0.641641641642	0.881	9.35	0.781	0.766
0.642642642643	0.882	9.351	0.781	0.766
0.643643643644	0.883	9.352	0.781	0.766
0.644644644645	0.884	9.352	0.782	0.766
0.645645645646	0.884	9.352	0.782	0.766
0.646646646647	0.885	9.353	0.782	0.766
0.647647647648	0.885	9.355	0.782	0.766
0.648648648649	0.887	9.357	0.782	0.766
0.64964964965	0.888	9.357	0.783	0.767
0.650650650651	0.888	9.358	0.783	0.767
0.651651651652	0.888	9.359	0.783	0.767
0.652652652653	0.89	9.36	0.783	0.767
0.653653653654	0.89	9.363	0.784	0.769
0.654654654655	0.891	9.363	0.785	0.769
0.655655655656	0.892	9.365	0.785	0.769
0.656656656657	0.894	9.366	0.785	0.769
0.657657657658	0.896	9.368	0.785	0.77
0.658658658659	0.896	9.368	0.786	0.77
0.65965965966	0.897	9.369	0.786	0.77
0.660660660661	0.897	9.369	0.786	0.77
0.661661661662	0.9	9.369	0.787	0.77
0.662662662663	0.901	9.369	0.787	0.771
0.663663663664	0.909	9.37	0.787	0.771
0.664664664665	0.909	9.372	0.787	0.771
0.665665665666	0.91	9.373	0.787	0.771
0.666666666667	0.911	9.374	0.787	0.771
0.667667667668	0.911	9.375	0.787	0.771
0.668668668669	0.911	9.378	0.788	0.772
0.66966966967	0.915	9.378	0.788	0.772
0.670670670671	0.917	9.379	0.788	0.773
0.671671671672	0.918	9.38	0.788	0.773
0.672672672673	0.918	9.382	0.788	0.773
0.673673673674	0.919	9.383	0.789	0.773
0.674674674675	0.92	9.383	0.789	0.773
0.675675675676	0.92	9.385	0.79	0.774
0.676676676677	0.926	9.386	0.79	0.774
0.677677677678	0.929	9.386	0.79	0.774
0.678678678679	0.933	9.386	0.79	0.774
0.67967967968	0.935	9.387	0.791	0.774
0.680680680681	0.937	9.388	0.791	0.774
0.681681681682	0.937	9.389	0.792	0.775
0.682682682683	0.942	9.389	0.792	0.776
0.683683683684	0.946	9.389	0.792	0.776
0.684684684685	0.95	9.39	0.793	0.776
0.685685685686	0.951	9.39	0.794	0.776
0.686686686687	0.952	9.393	0.795	0.777
0.687687687688	0.953	9.393	0.795	0.777
0.688688688689	0.955	9.393	0.796	0.777
0.68968968969	0.957	9.395	0.796	0.777
0.690690690691	0.958	9.398	0.796	0.777
0.691691691692	0.958	9.399	0.797	0.778
0.692692692693	0.961	9.401	0.797	0.778
0.693693693694	0.962	9.401	0.797	0.778
0.694694694695	0.962	9.402	0.798	0.779
0.695695695696	0.963	9.403	0.798	0.779
0.696696696697	0.964	9.404	0.798	0.779
0.697697697698	0.967	9.404	0.799	0.779
0.698698698699	0.967	9.406	0.799	0.78
0.6996996997	0.967	9.407	0.799	0.78
0.700700700701	0.968	9.409	0.8	0.78
0.701701701702	0.969	9.409	0.801	0.78
0.702702702703	0.969	9.411	0.801	0.78
0.703703703704	0.971	9.412	0.801	0.78
0.704704704705	0.976	9.412	0.803	0.78
0.705705705706	0.977	9.415	0.804	0.781
0.706706706707	0.977	9.418	0.804	0.781
0.707707707708	0.977	9.418	0.805	0.781
0.708708708709	0.977	9.418	0.805	0.782
0.70970970971	0.978	9.42	0.805	0.782
0.710710710711	0.981	9.421	0.806	0.782
0.711711711712	0.983	9.425	0.806	0.783
0.712712712713	0.984	9.431	0.806	0.783
0.713713713714	0.985	9.433	0.807	0.783
0.714714714715	0.985	9.434	0.808	0.783
0.715715715716	0.987	9.434	0.808	0.784
0.716716716717	0.988	9.435	0.808	0.785
0.717717717718	0.991	9.436	0.809	0.785
0.718718718719	0.991	9.436	0.809	0.786
0.71971971972	0.994	9.437	0.809	0.786
0.720720720721	0.995	9.439	0.809	0.786
0.721721721722	0.995	9.44	0.81	0.786
0.722722722723	0.995	9.441	0.81	0.786
0.723723723724	0.997	9.443	0.81	0.786
0.724724724725	0.998	9.447	0.81	0.787
0.725725725726	0.999	9.448	0.81	0.787
0.726726726727	1.0	9.451	0.811	0.787
0.727727727728	1.001	9.451	0.811	0.787
0.728728728729	1.005	9.452	0.811	0.787
0.72972972973	1.007	9.453	0.811	0.788
0.730730730731	1.008	9.455	0.811	0.788
0.731731731732	1.01	9.455	0.812	0.788
0.732732732733	1.011	9.456	0.812	0.788
0.733733733734	1.011	9.457	0.813	0.788
0.734734734735	1.013	9.459	0.814	0.789
0.735735735736	1.016	9.46	0.814	0.789
0.736736736737	1.017	9.463	0.815	0.789
0.737737737738	1.017	9.464	0.815	0.789
0.738738738739	1.02	9.464	0.816	0.789
0.73973973974	1.022	9.466	0.818	0.79
0.740740740741	1.023	9.467	0.818	0.79
0.741741741742	1.023	9.468	0.818	0.79
0.742742742743	1.023	9.469	0.819	0.791
0.743743743744	1.023	9.47	0.819	0.791
0.744744744745	1.025	9.471	0.82	0.791
0.745745745746	1.03	9.472	0.821	0.792
0.746746746747	1.032	9.474	0.821	0.792
0.747747747748	1.032	9.477	0.821	0.792
0.748748748749	1.037	9.485	0.821	0.792
0.74974974975	1.038	9.486	0.822	0.793
0.750750750751	1.044	9.49	0.823	0.793
0.751751751752	1.046	9.49	0.825	0.793
0.752752752753	1.048	9.492	0.825	0.793
0.753753753754	1.049	9.492	0.825	0.793
0.754754754755	1.051	9.493	0.826	0.793
0.755755755756	1.053	9.494	0.827	0.794
0.756756756757	1.055	9.495	0.827	0.794
0.757757757758	1.058	9.495	0.827	0.794
0.758758758759	1.064	9.495	0.829	0.794
0.75975975976	1.068	9.499	0.829	0.795
0.760760760761	1.07	9.5	0.829	0.795
0.761761761762	1.073	9.5	0.83	0.796
0.762762762763	1.076	9.5	0.831	0.796
0.763763763764	1.077	9.5	0.834	0.796
0.764764764765	1.078	9.5	0.834	0.796
0.765765765766	1.078	9.501	0.834	0.797
0.766766766767	1.079	9.505	0.835	0.797
0.767767767768	1.086	9.508	0.835	0.797
0.768768768769	1.086	9.51	0.835	0.797
0.76976976977	1.087	9.515	0.836	0.798
0.770770770771	1.087	9.516	0.837	0.801
0.771771771772	1.09	9.518	0.837	0.802
0.772772772773	1.092	9.519	0.838	0.802
0.773773773774	1.096	9.52	0.838	0.803
0.774774774775	1.097	9.525	0.838	0.803
0.775775775776	1.097	9.527	0.839	0.804
0.776776776777	1.103	9.528	0.841	0.804
0.777777777778	1.105	9.528	0.841	0.804
0.778778778779	1.111	9.533	0.842	0.804
0.77977977978	1.114	9.534	0.844	0.804
0.780780780781	1.116	9.535	0.846	0.805
0.781781781782	1.118	9.536	0.847	0.807
0.782782782783	1.119	9.541	0.849	0.807
0.783783783784	1.123	9.542	0.85	0.807
0.784784784785	1.13	9.542	0.851	0.807
0.785785785786	1.134	9.545	0.853	0.808
0.786786786787	1.142	9.546	0.854	0.809
0.787787787788	1.144	9.546	0.855	0.809
0.788788788789	1.148	9.548	0.856	0.809
0.78978978979	1.15	9.548	0.857	0.811
0.790790790791	1.151	9.553	0.857	0.812
0.791791791792	1.151	9.562	0.859	0.812
0.792792792793	1.151	9.562	0.859	0.813
0.793793793794	1.153	9.563	0.859	0.813
0.794794794795	1.153	9.563	0.861	0.814
0.795795795796	1.159	9.566	0.862	0.814
0.796796796797	1.165	9.566	0.865	0.814
0.797797797798	1.168	9.569	0.865	0.814
0.798798798799	1.17	9.57	0.866	0.815
0.7997997998	1.186	9.57	0.867	0.815
0.800800800801	1.188	9.571	0.868	0.816
0.801801801802	1.189	9.571	0.869	0.816
0.802802802803	1.196	9.572	0.87	0.817
0.803803803804	1.197	9.572	0.872	0.818
0.804804804805	1.197	9.572	0.873	0.819
0.805805805806	1.2	9.573	0.877	0.819
0.806806806807	1.208	9.575	0.878	0.819
0.807807807808	1.211	9.577	0.88	0.819
0.808808808809	1.214	9.578	0.881	0.819
0.80980980981	1.214	9.579	0.881	0.82
0.810810810811	1.215	9.579	0.882	0.821
0.811811811812	1.215	9.579	0.883	0.821
0.812812812813	1.218	9.581	0.884	0.822
0.813813813814	1.228	9.583	0.884	0.822
0.814814814815	1.23	9.585	0.886	0.822
0.815815815816	1.23	9.585	0.887	0.824
0.816816816817	1.23	9.585	0.89	0.825
0.817817817818	1.235	9.587	0.89	0.825
0.818818818819	1.238	9.588	0.891	0.825
0.81981981982	1.238	9.588	0.893	0.825
0.820820820821	1.241	9.589	0.893	0.825
0.821821821822	1.247	9.591	0.895	0.826
0.822822822823	1.248	9.592	0.895	0.828
0.823823823824	1.258	9.594	0.898	0.828
0.824824824825	1.261	9.598	0.9	0.828
0.825825825826	1.264	9.598	0.903	0.829
0.826826826827	1.267	9.598	0.904	0.83
0.827827827828	1.274	9.6	0.907	0.831
0.828828828829	1.275	9.601	0.908	0.833
0.82982982983	1.276	9.606	0.912	0.834
0.830830830831	1.278	9.608	0.913	0.834
0.831831831832	1.282	9.608	0.913	0.834
0.832832832833	1.283	9.611	0.913	0.834
0.833833833834	1.287	9.612	0.913	0.835
0.834834834835	1.297	9.613	0.913	0.836
0.835835835836	1.298	9.613	0.913	0.838
0.836836836837	1.301	9.619	0.916	0.84
0.837837837838	1.303	9.62	0.917	0.84
0.838838838839	1.304	9.625	0.924	0.84
0.83983983984	1.305	9.626	0.926	0.84
0.840840840841	1.306	9.627	0.93	0.841
0.841841841842	1.306	9.628	0.931	0.842
0.842842842843	1.308	9.628	0.932	0.842
0.843843843844	1.311	9.629	0.934	0.844
0.844844844845	1.312	9.631	0.935	0.846
0.845845845846	1.314	9.634	0.938	0.848
0.846846846847	1.314	9.637	0.939	0.848
0.847847847848	1.314	9.641	0.942	0.85
0.848848848849	1.315	9.642	0.943	0.85
0.84984984985	1.319	9.644	0.945	0.853
0.850850850851	1.322	9.645	0.948	0.854
0.851851851852	1.325	9.646	0.952	0.854
0.852852852853	1.325	9.646	0.953	0.854
0.853853853854	1.328	9.649	0.957	0.854
0.854854854855	1.329	9.662	0.959	0.856
0.855855855856	1.333	9.663	0.96	0.857
0.856856856857	1.337	9.664	0.961	0.858
0.857857857858	1.342	9.667	0.964	0.861
0.858858858859	1.343	9.668	0.97	0.862
0.85985985986	1.346	9.669	0.971	0.865
0.860860860861	1.35	9.671	0.972	0.866
0.861861861862	1.351	9.672	0.973	0.866
0.862862862863	1.358	9.673	0.973	0.868
0.863863863864	1.359	9.674	0.976	0.869
0.864864864865	1.36	9.676	0.976	0.871
0.865865865866	1.361	9.678	0.977	0.871
0.866866866867	1.368	9.686	0.978	0.873
0.867867867868	1.379	9.686	0.981	0.875
0.868868868869	1.382	9.687	0.982	0.876
0.86986986987	1.383	9.693	0.989	0.878
0.870870870871	1.385	9.694	0.99	0.881
0.871871871872	1.385	9.695	0.995	0.881
0.872872872873	1.386	9.698	0.998	0.881
0.873873873874	1.387	9.702	1.0	0.883
0.874874874875	1.387	9.706	1.007	0.884
0.875875875876	1.396	9.707	1.012	0.887
0.876876876877	1.403	9.718	1.013	0.888
0.877877877878	1.406	9.719	1.014	0.89
0.878878878879	1.414	9.72	1.02	0.891
0.87987987988	1.417	9.727	1.021	0.892
0.880880880881	1.417	9.734	1.022	0.892
0.881881881882	1.428	9.734	1.023	0.895
0.882882882883	1.431	9.735	1.024	0.896
0.883883883884	1.431	9.737	1.024	0.897
0.884884884885	1.433	9.739	1.028	0.899
0.885885885886	1.435	9.74	1.03	0.899
0.886886886887	1.439	9.742	1.03	0.901
0.887887887888	1.442	9.744	1.031	0.902
0.888888888889	1.444	9.745	1.033	0.904
0.88988988989	1.448	9.745	1.034	0.904
0.890890890891	1.452	9.746	1.041	0.905
0.891891891892	1.465	9.76	1.044	0.909
0.892892892893	1.473	9.763	1.046	0.912
0.893893893894	1.473	9.763	1.053	0.912
0.894894894895	1.475	9.767	1.06	0.912
0.895895895896	1.48	9.772	1.061	0.913
0.896896896897	1.48	9.794	1.065	0.913
0.897897897898	1.483	9.794	1.067	0.914
0.898898898899	1.49	9.794	1.067	0.914
0.8998998999	1.495	9.799	1.071	0.917
0.900900900901	1.504	9.802	1.078	0.917
0.901901901902	1.504	9.805	1.08	0.917
0.902902902903	1.505	9.809	1.081	0.918
0.903903903904	1.51	9.814	1.095	0.918
0.904904904905	1.515	9.819	1.098	0.919
0.905905905906	1.528	9.827	1.099	0.923
0.906906906907	1.53	9.827	1.113	0.924
0.907907907908	1.531	9.838	1.113	0.925
0.908908908909	1.533	9.84	1.113	0.927
0.90990990991	1.543	9.868	1.12	0.929
0.910910910911	1.548	9.869	1.122	0.932
0.911911911912	1.556	9.869	1.124	0.933
0.912912912913	1.563	9.871	1.124	0.936
0.913913913914	1.568	9.874	1.125	0.937
0.914914914915	1.572	9.876	1.129	0.94
0.915915915916	1.573	9.877	1.142	0.941
0.916916916917	1.577	9.878	1.146	0.943
0.917917917918	1.579	9.881	1.151	0.943
0.918918918919	1.58	9.888	1.162	0.947
0.91991991992	1.585	9.894	1.175	0.948
0.920920920921	1.586	9.9	1.191	0.95
0.921921921922	1.588	9.91	1.194	0.952
0.922922922923	1.603	9.915	1.197	0.954
0.923923923924	1.606	9.92	1.199	0.955
0.924924924925	1.608	9.931	1.224	0.955
0.925925925926	1.619	9.933	1.229	0.955
0.926926926927	1.622	9.967	1.239	0.956
0.927927927928	1.631	9.971	1.242	0.957
0.928928928929	1.632	9.972	1.246	0.959
0.92992992993	1.635	9.974	1.249	0.961
0.930930930931	1.639	9.975	1.253	0.963
0.931931931932	1.641	10.004	1.257	0.964
0.932932932933	1.644	10.008	1.261	0.966
0.933933933934	1.646	10.011	1.27	0.967
0.934934934935	1.656	10.045	1.309	0.981
0.935935935936	1.664	10.049	1.315	0.987
0.936936936937	1.664	10.054	1.315	0.997
0.937937937938	1.664	10.058	1.328	0.999
0.938938938939	1.666	10.069	1.329	0.999
0.93993993994	1.667	10.072	1.353	1.001
0.940940940941	1.669	10.073	1.357	1.001
0.941941941942	1.669	10.103	1.368	1.006
0.942942942943	1.679	10.104	1.373	1.009
0.943943943944	1.683	10.106	1.377	1.01
0.944944944945	1.684	10.11	1.389	1.013
0.945945945946	1.695	10.11	1.391	1.015
0.946946946947	1.695	10.115	1.391	1.031
0.947947947948	1.696	10.128	1.404	1.032
0.948948948949	1.698	10.156	1.409	1.035
0.94994994995	1.7	10.166	1.417	1.038
0.950950950951	1.707	10.167	1.423	1.039
0.951951951952	1.71	10.175	1.452	1.047
0.952952952953	1.721	10.182	1.459	1.048
0.953953953954	1.724	10.184	1.465	1.048
0.954954954955	1.735	10.184	1.472	1.056
0.955955955956	1.735	10.188	1.48	1.057
0.956956956957	1.736	10.191	1.508	1.063
0.957957957958	1.738	10.235	1.522	1.068
0.958958958959	1.739	10.239	1.547	1.073
0.95995995996	1.743	10.239	1.554	1.073
0.960960960961	1.75	10.242	1.559	1.078
0.961961961962	1.75	10.244	1.561	1.08
0.962962962963	1.753	10.255	1.586	1.08
0.963963963964	1.753	10.26	1.595	1.085
0.964964964965	1.766	10.319	1.598	1.088
0.965965965966	1.769	10.327	1.598	1.104
0.966966966967	1.777	10.332	1.602	1.108
0.967967967968	1.778	10.392	1.609	1.109
0.968968968969	1.787	10.416	1.671	1.115
0.96996996997	1.792	10.436	1.68	1.147
0.970970970971	1.806	10.44	1.687	1.172
0.971971971972	1.814	10.444	1.687	1.176
0.972972972973	1.818	10.479	1.724	1.327
0.973973973974	1.827	10.48	1.733	1.365
0.974974974975	1.832	10.723	1.752	1.433
0.975975975976	1.837	12.423	1.798	1.455
0.976976976977	1.849	12.545	1.815	1.466
0.977977977978	1.852	13.428	1.82	1.527
0.978978978979	1.856	13.516	1.823	8.199
0.97997997998	1.871	13.995	1.859	8.275
0.980980980981	1.887	14.002	1.881	8.278
0.981981981982	1.939	14.516	1.974	8.284
0.982982982983	1.947	14.758	2.007	8.298
0.983983983984	1.968	14.832	2.325	8.302
0.984984984985	1.97	14.96	2.656	8.311
0.985985985986	1.972	15.008	2.804	8.335
0.986986986987	1.993	15.525	4.722	8.352
0.987987987988	2.011	19.156	8.3	8.359
0.988988988989	2.018	19.334	8.358	8.359
0.98998998999	2.045	19.459	8.36	8.362
0.990990990991	2.077	19.554	8.368	8.377
0.991991991992	2.097	19.756	8.376	8.415
0.992992992993	2.116	19.994	8.399	8.425
0.993993993994	2.349	20.281	8.437	8.494
0.994994994995	2.366	20.406	8.475	8.525
0.995995995996	2.445	21.708	8.556	8.617
0.996996996997	2.691	23.982	8.621	8.627
0.997997997998	8.304	25.6	9.14	8.628
0.998998998999	8.677	25.973	9.296	8.874
1.0	8.748	26.63	9.905	9.566
