0.001	0.562	0.695	0.579	0.622
0.002	0.584	1.359	0.583	0.628
0.003	0.588	1.431	0.6	0.642
0.004	0.591	1.485	0.616	0.647
0.005	0.612	1.486	0.62	0.648
0.006	0.622	1.518	0.621	0.653
0.007	0.628	2.231	0.622	0.663
0.008	0.631	2.303	0.623	0.683
0.009	0.637	2.32	0.633	0.691
0.01	0.641	2.323	0.638	0.692
0.011	0.641	2.346	0.64	0.703
0.012	0.671	2.437	0.644	0.705
0.013	0.673	2.462	0.648	0.725
0.014	0.678	2.467	0.657	0.73
0.015	0.681	2.468	0.668	0.783
0.016	0.691	2.486	0.677	0.785
0.017	0.699	2.501	0.689	0.799
0.018	0.706	2.502	0.692	0.803
0.019	0.71	2.509	0.695	0.808
0.02	0.714	2.535	0.696	0.809
0.021	0.723	2.554	0.702	0.825
0.022	0.729	2.587	0.72	0.825
0.023	0.729	2.602	0.727	0.841
0.024	0.733	2.616	0.742	0.845
0.025	0.747	2.619	0.77	0.848
0.026	0.758	2.637	0.773	0.86
0.027	0.765	2.658	0.782	0.88
0.028	0.785	2.67	0.791	0.902
0.029	0.792	2.692	0.794	0.961
0.03	0.807	2.697	0.801	0.98
0.031	0.818	2.718	0.801	1.001
0.032	0.82	2.721	0.802	1.023
0.033	0.83	2.747	0.816	1.04
0.034	0.832	2.76	0.837	1.049
0.035	0.833	2.771	0.888	1.06
0.036	0.839	2.781	0.913	1.063
0.037	0.842	2.884	0.923	1.064
0.038	0.847	2.886	0.948	1.064
0.039	0.848	2.905	0.966	1.067
0.04	0.851	2.912	0.966	1.069
0.041	0.854	2.933	0.967	1.069
0.042	0.855	2.935	0.971	1.073
0.043	0.855	2.954	0.974	1.075
0.044	0.857	2.961	0.981	1.08
0.045	0.857	2.961	0.982	1.081
0.046	0.858	2.971	0.983	1.085
0.047	0.861	2.989	0.984	1.089
0.048	0.862	3.03	0.986	1.09
0.049	0.862	3.033	0.988	1.091
0.05	0.863	3.034	0.995	1.091
0.051	0.864	3.057	1.002	1.093
0.052	0.865	3.065	1.003	1.097
0.053	0.865	3.079	1.009	1.099
0.054	0.866	3.11	1.009	1.099
0.055	0.866	3.113	1.012	1.1
0.056	0.867	3.115	1.015	1.101
0.057	0.867	3.117	1.016	1.104
0.058	0.868	3.117	1.021	1.105
0.059	0.868	3.161	1.021	1.109
0.06	0.868	3.163	1.025	1.109
0.061	0.868	3.169	1.026	1.11
0.062	0.871	3.179	1.026	1.112
0.063	0.873	3.201	1.026	1.113
0.064	0.873	3.21	1.027	1.114
0.065	0.874	3.233	1.028	1.116
0.066	0.874	3.235	1.029	1.116
0.067	0.875	3.237	1.031	1.117
0.068	0.876	3.32	1.031	1.118
0.069	0.876	3.358	1.031	1.118
0.07	0.877	3.525	1.032	1.118
0.071	0.878	3.673	1.033	1.118
0.072	0.878	3.791	1.033	1.119
0.073	0.878	3.92	1.034	1.124
0.074	0.88	4.207	1.034	1.126
0.075	0.881	4.29	1.035	1.126
0.076	0.882	5.418	1.036	1.126
0.077	0.882	6.002	1.036	1.129
0.078	0.882	7.723	1.037	1.13
0.079	0.883	7.944	1.039	1.13
0.08	0.883	8.128	1.041	1.13
0.081	0.883	8.164	1.041	1.133
0.082	0.884	8.189	1.041	1.134
0.083	0.884	8.26	1.042	1.134
0.084	0.884	8.402	1.043	1.135
0.085	0.887	8.419	1.043	1.138
0.086	0.887	8.456	1.043	1.14
0.087	0.887	8.475	1.043	1.141
0.088	0.887	8.497	1.044	1.142
0.089	0.888	8.502	1.045	1.142
0.09	0.888	8.536	1.045	1.143
0.091	0.888	8.549	1.046	1.143
0.092	0.889	8.575	1.047	1.144
0.093	0.889	8.576	1.048	1.145
0.094	0.89	8.576	1.049	1.146
0.095	0.89	8.586	1.05	1.146
0.096	0.89	8.605	1.05	1.147
0.097	0.891	8.645	1.051	1.147
0.098	0.891	8.651	1.052	1.148
0.099	0.891	8.659	1.052	1.148
0.1	0.892	8.677	1.053	1.15
0.101	0.892	8.745	1.053	1.15
0.102	0.894	8.753	1.054	1.151
0.103	0.895	8.756	1.054	1.151
0.104	0.896	8.773	1.055	1.152
0.105	0.897	8.776	1.055	1.152
0.106	0.898	8.797	1.055	1.152
0.107	0.898	8.821	1.055	1.152
0.108	0.898	8.828	1.056	1.153
0.109	0.898	8.84	1.057	1.153
0.11	0.898	8.846	1.057	1.154
0.111	0.899	8.847	1.058	1.154
0.112	0.899	8.872	1.059	1.155
0.113	0.9	8.93	1.061	1.155
0.114	0.9	8.96	1.061	1.156
0.115	0.901	9.069	1.061	1.158
0.116	0.901	9.088	1.061	1.158
0.117	0.902	9.095	1.061	1.161
0.118	0.902	9.124	1.062	1.162
0.119	0.902	9.206	1.062	1.162
0.12	0.902	9.208	1.062	1.163
0.121	0.903	9.219	1.063	1.163
0.122	0.903	9.223	1.063	1.163
0.123	0.903	9.243	1.063	1.164
0.124	0.903	9.271	1.063	1.164
0.125	0.903	9.289	1.065	1.165
0.126	0.903	9.294	1.065	1.165
0.127	0.903	9.311	1.066	1.165
0.128	0.904	9.333	1.066	1.166
0.129	0.904	9.334	1.066	1.166
0.13	0.904	9.351	1.066	1.167
0.131	0.904	9.352	1.067	1.168
0.132	0.904	9.354	1.067	1.168
0.133	0.904	9.358	1.067	1.169
0.134	0.905	9.36	1.067	1.169
0.135	0.905	9.362	1.068	1.17
0.136	0.905	9.366	1.068	1.172
0.137	0.905	9.369	1.068	1.173
0.138	0.906	9.378	1.068	1.174
0.139	0.906	9.395	1.069	1.174
0.14	0.906	9.399	1.069	1.174
0.141	0.906	9.406	1.069	1.175
0.142	0.907	9.413	1.07	1.175
0.143	0.907	9.425	1.07	1.175
0.144	0.907	9.432	1.07	1.176
0.145	0.907	9.438	1.07	1.176
0.146	0.907	9.45	1.07	1.176
0.147	0.907	9.453	1.071	1.177
0.148	0.908	9.465	1.071	1.18
0.149	0.908	9.469	1.071	1.18
0.15	0.908	9.472	1.071	1.181
0.151	0.908	9.474	1.071	1.183
0.152	0.909	9.476	1.071	1.183
0.153	0.909	9.479	1.071	1.183
0.154	0.909	9.481	1.072	1.183
0.155	0.91	9.481	1.072	1.183
0.156	0.91	9.484	1.072	1.184
0.157	0.91	9.486	1.072	1.185
0.158	0.91	9.49	1.073	1.186
0.159	0.91	9.506	1.073	1.186
0.16	0.91	9.506	1.073	1.186
0.161	0.911	9.511	1.074	1.186
0.162	0.911	9.513	1.075	1.187
0.163	0.911	9.517	1.076	1.188
0.164	0.912	9.518	1.076	1.188
0.165	0.912	9.52	1.076	1.188
0.166	0.912	9.529	1.076	1.19
0.167	0.912	9.529	1.077	1.19
0.168	0.912	9.535	1.077	1.19
0.169	0.912	9.542	1.078	1.191
0.17	0.913	9.545	1.078	1.192
0.171	0.913	9.548	1.079	1.192
0.172	0.913	9.555	1.079	1.194
0.173	0.913	9.556	1.079	1.194
0.174	0.913	9.565	1.079	1.195
0.175	0.914	9.567	1.079	1.195
0.176	0.914	9.567	1.079	1.195
0.177	0.914	9.568	1.08	1.196
0.178	0.915	9.573	1.08	1.196
0.179	0.915	9.579	1.081	1.197
0.18	0.916	9.58	1.081	1.197
0.181	0.916	9.586	1.081	1.197
0.182	0.916	9.587	1.081	1.198
0.183	0.916	9.602	1.083	1.198
0.184	0.917	9.603	1.084	1.198
0.185	0.917	9.603	1.084	1.199
0.186	0.917	9.607	1.084	1.199
0.187	0.918	9.609	1.085	1.199
0.188	0.918	9.611	1.085	1.199
0.189	0.918	9.612	1.085	1.2
0.19	0.918	9.613	1.086	1.2
0.191	0.918	9.614	1.086	1.2
0.192	0.918	9.621	1.086	1.201
0.193	0.919	9.624	1.087	1.201
0.194	0.919	9.625	1.088	1.201
0.195	0.919	9.634	1.088	1.201
0.196	0.919	9.634	1.088	1.202
0.197	0.92	9.635	1.089	1.202
0.198	0.92	9.636	1.089	1.202
0.199	0.92	9.639	1.089	1.204
0.2	0.92	9.649	1.09	1.206
0.201	0.921	9.652	1.09	1.206
0.202	0.921	9.654	1.091	1.206
0.203	0.921	9.654	1.091	1.206
0.204	0.921	9.661	1.091	1.207
0.205	0.921	9.662	1.091	1.207
0.206	0.921	9.664	1.091	1.207
0.207	0.921	9.67	1.092	1.207
0.208	0.922	9.673	1.092	1.208
0.209	0.922	9.685	1.092	1.208
0.21	0.922	9.687	1.092	1.208
0.211	0.922	9.687	1.093	1.208
0.212	0.922	9.689	1.093	1.208
0.213	0.922	9.689	1.093	1.208
0.214	0.923	9.691	1.093	1.208
0.215	0.923	9.695	1.093	1.209
0.216	0.923	9.705	1.094	1.209
0.217	0.923	9.708	1.094	1.209
0.218	0.923	9.71	1.094	1.209
0.219	0.924	9.712	1.094	1.209
0.22	0.924	9.713	1.095	1.209
0.221	0.925	9.727	1.095	1.21
0.222	0.925	9.73	1.095	1.21
0.223	0.925	9.731	1.095	1.211
0.224	0.925	9.733	1.095	1.211
0.225	0.925	9.735	1.095	1.212
0.226	0.925	9.735	1.096	1.212
0.227	0.925	9.737	1.096	1.212
0.228	0.926	9.742	1.096	1.213
0.229	0.926	9.744	1.096	1.213
0.23	0.926	9.745	1.097	1.213
0.231	0.926	9.745	1.097	1.213
0.232	0.927	9.747	1.097	1.213
0.233	0.927	9.753	1.097	1.214
0.234	0.927	9.761	1.097	1.214
0.235	0.927	9.761	1.098	1.214
0.236	0.927	9.765	1.098	1.215
0.237	0.927	9.766	1.099	1.215
0.238	0.928	9.766	1.099	1.216
0.239	0.928	9.766	1.099	1.216
0.24	0.928	9.769	1.099	1.217
0.241	0.928	9.77	1.1	1.217
0.242	0.929	9.771	1.1	1.219
0.243	0.929	9.776	1.1	1.219
0.244	0.929	9.777	1.101	1.22
0.245	0.929	9.779	1.101	1.221
0.246	0.93	9.78	1.101	1.221
0.247	0.93	9.781	1.101	1.221
0.248	0.93	9.783	1.101	1.222
0.249	0.93	9.784	1.102	1.225
0.25	0.931	9.786	1.102	1.225
0.251	0.931	9.791	1.102	1.225
0.252	0.931	9.795	1.103	1.226
0.253	0.931	9.8	1.103	1.227
0.254	0.931	9.801	1.104	1.227
0.255	0.932	9.801	1.104	1.228
0.256	0.932	9.801	1.105	1.228
0.257	0.932	9.802	1.105	1.228
0.258	0.932	9.802	1.105	1.228
0.259	0.932	9.805	1.106	1.228
0.26	0.932	9.806	1.107	1.229
0.261	0.933	9.808	1.107	1.229
0.262	0.933	9.808	1.107	1.23
0.263	0.933	9.814	1.108	1.23
0.264	0.934	9.815	1.108	1.23
0.265	0.934	9.82	1.109	1.23
0.266	0.934	9.823	1.109	1.231
0.267	0.934	9.826	1.109	1.231
0.268	0.934	9.827	1.109	1.231
0.269	0.934	9.827	1.11	1.231
0.27	0.934	9.829	1.111	1.231
0.271	0.934	9.829	1.111	1.231
0.272	0.934	9.829	1.111	1.231
0.273	0.935	9.83	1.111	1.232
0.274	0.935	9.834	1.112	1.232
0.275	0.935	9.834	1.112	1.233
0.276	0.935	9.837	1.112	1.234
0.277	0.935	9.841	1.112	1.234
0.278	0.935	9.847	1.112	1.235
0.279	0.936	9.848	1.112	1.235
0.28	0.936	9.852	1.113	1.236
0.281	0.936	9.854	1.113	1.236
0.282	0.936	9.859	1.113	1.236
0.283	0.937	9.86	1.113	1.236
0.284	0.937	9.864	1.113	1.236
0.285	0.937	9.865	1.113	1.237
0.286	0.937	9.867	1.114	1.237
0.287	0.937	9.869	1.114	1.238
0.288	0.937	9.873	1.114	1.239
0.289	0.937	9.875	1.114	1.24
0.29	0.938	9.881	1.114	1.241
0.291	0.938	9.883	1.114	1.241
0.292	0.939	9.884	1.115	1.241
0.293	0.939	9.89	1.115	1.241
0.294	0.939	9.89	1.115	1.242
0.295	0.939	9.891	1.115	1.242
0.296	0.939	9.891	1.116	1.244
0.297	0.94	9.893	1.116	1.244
0.298	0.94	9.894	1.116	1.244
0.299	0.94	9.895	1.116	1.245
0.3	0.94	9.895	1.117	1.245
0.301	0.94	9.899	1.117	1.245
0.302	0.94	9.901	1.117	1.246
0.303	0.941	9.902	1.118	1.247
0.304	0.941	9.903	1.118	1.247
0.305	0.941	9.905	1.118	1.247
0.306	0.941	9.905	1.119	1.247
0.307	0.941	9.906	1.12	1.248
0.308	0.942	9.906	1.12	1.248
0.309	0.942	9.909	1.12	1.248
0.31	0.942	9.909	1.12	1.249
0.311	0.942	9.911	1.12	1.249
0.312	0.942	9.912	1.12	1.249
0.313	0.943	9.912	1.121	1.25
0.314	0.943	9.913	1.121	1.25
0.315	0.944	9.915	1.121	1.25
0.316	0.944	9.918	1.121	1.251
0.317	0.944	9.92	1.121	1.251
0.318	0.945	9.92	1.122	1.251
0.319	0.945	9.926	1.122	1.251
0.32	0.945	9.929	1.122	1.251
0.321	0.945	9.931	1.122	1.252
0.322	0.946	9.931	1.122	1.252
0.323	0.946	9.933	1.123	1.253
0.324	0.946	9.936	1.124	1.255
0.325	0.947	9.937	1.124	1.255
0.326	0.947	9.938	1.124	1.255
0.327	0.947	9.94	1.124	1.256
0.328	0.947	9.94	1.124	1.256
0.329	0.948	9.943	1.125	1.256
0.33	0.948	9.946	1.125	1.257
0.331	0.949	9.949	1.126	1.257
0.332	0.949	9.949	1.126	1.258
0.333	0.949	9.949	1.126	1.258
0.334	0.949	9.95	1.126	1.259
0.335	0.949	9.953	1.126	1.26
0.336	0.949	9.954	1.126	1.26
0.337	0.949	9.954	1.126	1.26
0.338	0.949	9.958	1.126	1.26
0.339	0.95	9.96	1.126	1.261
0.34	0.95	9.962	1.126	1.261
0.341	0.95	9.966	1.127	1.261
0.342	0.951	9.966	1.127	1.261
0.343	0.951	9.968	1.128	1.261
0.344	0.951	9.971	1.128	1.261
0.345	0.951	9.971	1.128	1.261
0.346	0.951	9.974	1.128	1.262
0.347	0.951	9.978	1.129	1.262
0.348	0.952	9.978	1.129	1.262
0.349	0.952	9.982	1.129	1.262
0.35	0.952	9.983	1.129	1.262
0.351	0.952	9.985	1.13	1.263
0.352	0.952	9.986	1.13	1.263
0.353	0.952	9.987	1.131	1.263
0.354	0.953	9.989	1.131	1.264
0.355	0.953	9.991	1.131	1.264
0.356	0.953	9.992	1.131	1.264
0.357	0.953	9.997	1.131	1.265
0.358	0.953	9.998	1.132	1.265
0.359	0.953	10.0	1.132	1.265
0.36	0.953	10.003	1.132	1.266
0.361	0.954	10.004	1.132	1.267
0.362	0.954	10.005	1.133	1.267
0.363	0.954	10.007	1.133	1.269
0.364	0.954	10.007	1.133	1.269
0.365	0.955	10.011	1.133	1.269
0.366	0.955	10.015	1.134	1.269
0.367	0.955	10.015	1.134	1.269
0.368	0.955	10.016	1.134	1.269
0.369	0.955	10.017	1.135	1.27
0.37	0.955	10.02	1.135	1.27
0.371	0.956	10.02	1.135	1.27
0.372	0.957	10.024	1.135	1.271
0.373	0.957	10.029	1.136	1.271
0.374	0.957	10.029	1.136	1.271
0.375	0.957	10.031	1.136	1.272
0.376	0.957	10.034	1.137	1.273
0.377	0.958	10.041	1.137	1.273
0.378	0.958	10.042	1.137	1.273
0.379	0.958	10.044	1.138	1.273
0.38	0.959	10.044	1.138	1.273
0.381	0.959	10.045	1.138	1.274
0.382	0.959	10.049	1.139	1.274
0.383	0.959	10.049	1.139	1.276
0.384	0.959	10.054	1.139	1.276
0.385	0.96	10.055	1.139	1.276
0.386	0.96	10.056	1.139	1.276
0.387	0.961	10.056	1.14	1.279
0.388	0.961	10.056	1.14	1.279
0.389	0.962	10.057	1.14	1.279
0.39	0.962	10.058	1.141	1.28
0.391	0.962	10.062	1.141	1.28
0.392	0.963	10.063	1.141	1.28
0.393	0.964	10.063	1.141	1.28
0.394	0.964	10.065	1.141	1.281
0.395	0.965	10.066	1.141	1.281
0.396	0.965	10.068	1.141	1.281
0.397	0.966	10.072	1.141	1.281
0.398	0.966	10.077	1.141	1.281
0.399	0.966	10.082	1.142	1.282
0.4	0.966	10.083	1.143	1.282
0.401	0.967	10.086	1.143	1.282
0.402	0.967	10.086	1.143	1.283
0.403	0.967	10.087	1.144	1.283
0.404	0.967	10.088	1.144	1.283
0.405	0.967	10.088	1.144	1.283
0.406	0.967	10.089	1.145	1.283
0.407	0.967	10.09	1.145	1.284
0.408	0.968	10.092	1.145	1.284
0.409	0.969	10.094	1.145	1.284
0.41	0.969	10.096	1.145	1.284
0.411	0.97	10.098	1.146	1.285
0.412	0.97	10.099	1.146	1.285
0.413	0.97	10.106	1.146	1.285
0.414	0.97	10.109	1.146	1.286
0.415	0.971	10.11	1.147	1.286
0.416	0.971	10.11	1.147	1.287
0.417	0.971	10.112	1.147	1.287
0.418	0.971	10.113	1.147	1.29
0.419	0.972	10.113	1.148	1.29
0.42	0.973	10.115	1.148	1.29
0.421	0.973	10.116	1.149	1.291
0.422	0.974	10.121	1.149	1.292
0.423	0.974	10.121	1.149	1.293
0.424	0.975	10.124	1.149	1.294
0.425	0.975	10.129	1.15	1.294
0.426	0.975	10.132	1.15	1.294
0.427	0.975	10.132	1.15	1.295
0.428	0.975	10.135	1.15	1.296
0.429	0.975	10.136	1.15	1.296
0.43	0.975	10.136	1.151	1.296
0.431	0.976	10.138	1.151	1.296
0.432	0.976	10.141	1.151	1.296
0.433	0.976	10.141	1.151	1.297
0.434	0.976	10.142	1.151	1.297
0.435	0.977	10.143	1.151	1.297
0.436	0.979	10.143	1.152	1.298
0.437	0.979	10.143	1.153	1.298
0.438	0.979	10.145	1.153	1.298
0.439	0.98	10.145	1.153	1.299
0.44	0.98	10.145	1.153	1.3
0.441	0.981	10.146	1.153	1.3
0.442	0.981	10.147	1.153	1.3
0.443	0.982	10.147	1.154	1.3
0.444	0.982	10.149	1.154	1.301
0.445	0.983	10.149	1.154	1.301
0.446	0.983	10.151	1.154	1.301
0.447	0.983	10.152	1.155	1.301
0.448	0.983	10.153	1.155	1.303
0.449	0.984	10.154	1.155	1.303
0.45	0.985	10.154	1.156	1.304
0.451	0.985	10.156	1.156	1.304
0.452	0.986	10.159	1.156	1.304
0.453	0.986	10.159	1.156	1.304
0.454	0.986	10.162	1.156	1.305
0.455	0.986	10.163	1.157	1.305
0.456	0.987	10.163	1.157	1.305
0.457	0.987	10.165	1.157	1.305
0.458	0.987	10.165	1.157	1.305
0.459	0.987	10.165	1.158	1.306
0.46	0.987	10.165	1.158	1.306
0.461	0.988	10.167	1.158	1.306
0.462	0.988	10.168	1.158	1.306
0.463	0.989	10.168	1.159	1.306
0.464	0.989	10.169	1.159	1.306
0.465	0.991	10.173	1.159	1.307
0.466	0.991	10.174	1.159	1.307
0.467	0.991	10.175	1.159	1.308
0.468	0.992	10.178	1.159	1.308
0.469	0.992	10.179	1.16	1.309
0.47	0.992	10.179	1.16	1.309
0.471	0.993	10.181	1.16	1.309
0.472	0.993	10.182	1.16	1.31
0.473	0.993	10.182	1.161	1.31
0.474	0.994	10.185	1.161	1.311
0.475	0.994	10.187	1.162	1.312
0.476	0.994	10.188	1.162	1.313
0.477	0.994	10.188	1.162	1.313
0.478	0.995	10.191	1.162	1.313
0.479	0.995	10.191	1.163	1.314
0.48	0.995	10.193	1.163	1.314
0.481	0.995	10.194	1.163	1.315
0.482	0.996	10.194	1.163	1.315
0.483	0.996	10.194	1.164	1.315
0.484	0.997	10.196	1.164	1.316
0.485	0.998	10.199	1.164	1.316
0.486	0.998	10.199	1.165	1.318
0.487	0.998	10.199	1.165	1.318
0.488	0.999	10.2	1.166	1.319
0.489	0.999	10.207	1.167	1.319
0.49	0.999	10.211	1.167	1.319
0.491	0.999	10.212	1.167	1.32
0.492	0.999	10.213	1.168	1.32
0.493	1.0	10.215	1.168	1.321
0.494	1.0	10.215	1.168	1.321
0.495	1.0	10.218	1.168	1.321
0.496	1.0	10.219	1.168	1.323
0.497	1.002	10.221	1.168	1.323
0.498	1.002	10.222	1.169	1.324
0.499	1.002	10.223	1.169	1.325
0.5	1.002	10.223	1.169	1.326
0.501	1.003	10.224	1.169	1.326
0.502	1.003	10.224	1.169	1.328
0.503	1.004	10.225	1.17	1.328
0.504	1.004	10.225	1.171	1.329
0.505	1.005	10.228	1.171	1.329
0.506	1.006	10.232	1.171	1.329
0.507	1.007	10.233	1.171	1.33
0.508	1.007	10.238	1.171	1.33
0.509	1.008	10.239	1.172	1.331
0.51	1.008	10.242	1.172	1.331
0.511	1.008	10.246	1.172	1.332
0.512	1.011	10.248	1.172	1.332
0.513	1.011	10.249	1.172	1.333
0.514	1.011	10.25	1.173	1.333
0.515	1.012	10.253	1.174	1.334
0.516	1.012	10.254	1.174	1.334
0.517	1.012	10.255	1.175	1.335
0.518	1.012	10.256	1.175	1.335
0.519	1.013	10.258	1.175	1.335
0.52	1.013	10.261	1.175	1.336
0.521	1.013	10.263	1.177	1.336
0.522	1.014	10.266	1.177	1.336
0.523	1.014	10.267	1.177	1.336
0.524	1.014	10.269	1.177	1.338
0.525	1.015	10.273	1.177	1.338
0.526	1.015	10.274	1.177	1.338
0.527	1.016	10.274	1.177	1.339
0.528	1.016	10.278	1.178	1.339
0.529	1.016	10.28	1.178	1.34
0.53	1.017	10.28	1.178	1.342
0.531	1.018	10.284	1.178	1.342
0.532	1.019	10.285	1.179	1.342
0.533	1.019	10.285	1.179	1.343
0.534	1.019	10.287	1.18	1.345
0.535	1.022	10.288	1.181	1.345
0.536	1.022	10.288	1.181	1.346
0.537	1.022	10.292	1.181	1.346
0.538	1.022	10.294	1.181	1.346
0.539	1.023	10.294	1.182	1.346
0.54	1.024	10.298	1.182	1.347
0.541	1.024	10.299	1.182	1.348
0.542	1.025	10.301	1.182	1.348
0.543	1.027	10.304	1.183	1.348
0.544	1.027	10.305	1.183	1.349
0.545	1.028	10.306	1.183	1.35
0.546	1.028	10.306	1.184	1.35
0.547	1.029	10.307	1.185	1.35
0.548	1.029	10.308	1.185	1.351
0.549	1.031	10.308	1.185	1.351
0.55	1.031	10.309	1.185	1.353
0.551	1.033	10.314	1.186	1.354
0.552	1.033	10.315	1.186	1.355
0.553	1.034	10.316	1.187	1.355
0.554	1.036	10.319	1.187	1.356
0.555	1.037	10.321	1.187	1.356
0.556	1.041	10.325	1.188	1.357
0.557	1.041	10.326	1.188	1.357
0.558	1.041	10.328	1.188	1.359
0.559	1.041	10.328	1.189	1.359
0.56	1.043	10.33	1.19	1.36
0.561	1.043	10.331	1.19	1.361
0.562	1.043	10.331	1.191	1.362
0.563	1.045	10.332	1.191	1.362
0.564	1.046	10.333	1.191	1.365
0.565	1.047	10.335	1.191	1.37
0.566	1.047	10.336	1.193	1.372
0.567	1.048	10.336	1.193	1.373
0.568	1.048	10.336	1.193	1.378
0.569	1.049	10.338	1.193	1.378
0.57	1.049	10.338	1.194	1.379
0.571	1.05	10.341	1.194	1.379
0.572	1.05	10.341	1.195	1.379
0.573	1.051	10.341	1.195	1.38
0.574	1.054	10.343	1.195	1.382
0.575	1.055	10.343	1.196	1.382
0.576	1.057	10.343	1.196	1.384
0.577	1.058	10.344	1.196	1.387
0.578	1.059	10.344	1.196	1.388
0.579	1.06	10.345	1.196	1.389
0.58	1.06	10.35	1.197	1.389
0.581	1.061	10.351	1.197	1.39
0.582	1.061	10.356	1.198	1.39
0.583	1.062	10.356	1.198	1.393
0.584	1.063	10.357	1.199	1.395
0.585	1.063	10.358	1.199	1.395
0.586	1.064	10.358	1.199	1.396
0.587	1.064	10.359	1.2	1.397
0.588	1.068	10.36	1.201	1.397
0.589	1.068	10.361	1.201	1.397
0.59	1.068	10.362	1.201	1.398
0.591	1.069	10.364	1.201	1.399
0.592	1.069	10.364	1.201	1.401
0.593	1.069	10.369	1.203	1.403
0.594	1.071	10.372	1.203	1.403
0.595	1.072	10.374	1.203	1.406
0.596	1.072	10.375	1.203	1.408
0.597	1.073	10.376	1.203	1.408
0.598	1.075	10.379	1.204	1.41
0.599	1.075	10.38	1.204	1.412
0.6	1.075	10.381	1.204	1.412
0.601	1.076	10.381	1.205	1.412
0.602	1.078	10.383	1.206	1.413
0.603	1.079	10.384	1.206	1.414
0.604	1.081	10.388	1.206	1.415
0.605	1.082	10.388	1.207	1.415
0.606	1.082	10.389	1.207	1.418
0.607	1.083	10.391	1.207	1.418
0.608	1.083	10.392	1.207	1.419
0.609	1.084	10.395	1.207	1.419
0.61	1.088	10.399	1.208	1.419
0.611	1.089	10.4	1.208	1.421
0.612	1.09	10.401	1.209	1.421
0.613	1.094	10.402	1.209	1.424
0.614	1.095	10.408	1.212	1.424
0.615	1.095	10.409	1.212	1.424
0.616	1.096	10.413	1.213	1.426
0.617	1.097	10.42	1.213	1.426
0.618	1.097	10.421	1.214	1.426
0.619	1.097	10.422	1.214	1.427
0.62	1.097	10.423	1.215	1.429
0.621	1.097	10.425	1.215	1.429
0.622	1.101	10.425	1.216	1.431
0.623	1.101	10.427	1.217	1.433
0.624	1.102	10.428	1.217	1.435
0.625	1.103	10.431	1.217	1.435
0.626	1.103	10.432	1.218	1.439
0.627	1.104	10.435	1.218	1.441
0.628	1.104	10.436	1.218	1.441
0.629	1.106	10.436	1.219	1.441
0.63	1.108	10.438	1.22	1.444
0.631	1.108	10.438	1.22	1.447
0.632	1.109	10.439	1.22	1.447
0.633	1.111	10.44	1.221	1.448
0.634	1.113	10.448	1.221	1.449
0.635	1.113	10.449	1.222	1.451
0.636	1.114	10.449	1.224	1.453
0.637	1.116	10.45	1.224	1.457
0.638	1.116	10.451	1.224	1.458
0.639	1.118	10.451	1.225	1.462
0.64	1.119	10.454	1.225	1.462
0.641	1.121	10.454	1.225	1.463
0.642	1.122	10.455	1.225	1.463
0.643	1.124	10.459	1.225	1.463
0.644	1.124	10.459	1.226	1.463
0.645	1.125	10.461	1.227	1.465
0.646	1.131	10.461	1.228	1.465
0.647	1.133	10.462	1.228	1.465
0.648	1.134	10.463	1.229	1.466
0.649	1.134	10.463	1.229	1.467
0.65	1.138	10.466	1.229	1.468
0.651	1.14	10.468	1.23	1.473
0.652	1.142	10.468	1.231	1.475
0.653	1.143	10.47	1.232	1.475
0.654	1.144	10.471	1.233	1.477
0.655	1.149	10.471	1.234	1.477
0.656	1.149	10.473	1.234	1.48
0.657	1.149	10.475	1.234	1.481
0.658	1.151	10.475	1.235	1.481
0.659	1.154	10.477	1.235	1.484
0.66	1.158	10.481	1.238	1.484
0.661	1.16	10.481	1.238	1.485
0.662	1.161	10.484	1.239	1.485
0.663	1.162	10.484	1.239	1.487
0.664	1.162	10.484	1.239	1.492
0.665	1.162	10.486	1.24	1.494
0.666	1.165	10.488	1.24	1.495
0.667	1.166	10.492	1.242	1.497
0.668	1.167	10.492	1.243	1.497
0.669	1.169	10.493	1.243	1.498
0.67	1.17	10.495	1.243	1.498
0.671	1.172	10.495	1.243	1.499
0.672	1.172	10.5	1.244	1.499
0.673	1.176	10.504	1.244	1.502
0.674	1.179	10.505	1.244	1.508
0.675	1.18	10.505	1.244	1.51
0.676	1.18	10.506	1.245	1.511
0.677	1.181	10.506	1.246	1.511
0.678	1.185	10.508	1.247	1.511
0.679	1.19	10.509	1.247	1.517
0.68	1.193	10.516	1.249	1.522
0.681	1.196	10.519	1.249	1.524
0.682	1.197	10.524	1.25	1.528
0.683	1.197	10.524	1.25	1.535
0.684	1.198	10.525	1.252	1.539
0.685	1.199	10.525	1.252	1.54
0.686	1.199	10.528	1.254	1.54
0.687	1.203	10.529	1.254	1.545
0.688	1.204	10.53	1.257	1.55
0.689	1.206	10.533	1.258	1.551
0.69	1.213	10.533	1.258	1.551
0.691	1.213	10.537	1.258	1.553
0.692	1.214	10.538	1.261	1.554
0.693	1.215	10.543	1.261	1.56
0.694	1.215	10.549	1.265	1.562
0.695	1.217	10.55	1.266	1.565
0.696	1.219	10.551	1.266	1.566
0.697	1.222	10.553	1.267	1.567
0.698	1.222	10.554	1.269	1.571
0.699	1.222	10.554	1.27	1.572
0.7	1.224	10.554	1.27	1.574
0.701	1.226	10.556	1.273	1.576
0.702	1.227	10.557	1.277	1.578
0.703	1.229	10.557	1.278	1.579
0.704	1.231	10.557	1.279	1.581
0.705	1.231	10.558	1.279	1.582
0.706	1.234	10.563	1.279	1.583
0.707	1.239	10.571	1.283	1.584
0.708	1.242	10.576	1.284	1.584
0.709	1.243	10.578	1.284	1.585
0.71	1.243	10.579	1.285	1.585
0.711	1.248	10.585	1.286	1.586
0.712	1.249	10.586	1.286	1.587
0.713	1.254	10.588	1.287	1.59
0.714	1.256	10.588	1.289	1.601
0.715	1.256	10.589	1.289	1.602
0.716	1.259	10.591	1.293	1.603
0.717	1.26	10.591	1.294	1.605
0.718	1.265	10.592	1.296	1.606
0.719	1.27	10.594	1.296	1.61
0.72	1.273	10.597	1.299	1.611
0.721	1.275	10.597	1.299	1.611
0.722	1.276	10.598	1.3	1.613
0.723	1.278	10.599	1.302	1.623
0.724	1.278	10.599	1.305	1.624
0.725	1.28	10.602	1.306	1.624
0.726	1.285	10.606	1.306	1.625
0.727	1.285	10.613	1.306	1.631
0.728	1.289	10.614	1.312	1.634
0.729	1.29	10.618	1.315	1.638
0.73	1.295	10.618	1.316	1.638
0.731	1.3	10.619	1.32	1.645
0.732	1.302	10.621	1.321	1.646
0.733	1.304	10.622	1.321	1.651
0.734	1.306	10.623	1.322	1.654
0.735	1.306	10.623	1.325	1.655
0.736	1.309	10.625	1.326	1.658
0.737	1.311	10.627	1.328	1.659
0.738	1.312	10.628	1.329	1.661
0.739	1.316	10.635	1.33	1.663
0.74	1.316	10.636	1.33	1.663
0.741	1.319	10.639	1.331	1.665
0.742	1.32	10.639	1.332	1.667
0.743	1.322	10.64	1.335	1.668
0.744	1.322	10.642	1.336	1.672
0.745	1.323	10.643	1.338	1.672
0.746	1.324	10.646	1.341	1.677
0.747	1.324	10.646	1.343	1.68
0.748	1.324	10.646	1.343	1.681
0.749	1.329	10.655	1.345	1.684
0.75	1.329	10.66	1.346	1.687
0.751	1.329	10.661	1.348	1.695
0.752	1.333	10.662	1.349	1.696
0.753	1.338	10.668	1.352	1.697
0.754	1.339	10.671	1.353	1.697
0.755	1.342	10.672	1.354	1.699
0.756	1.342	10.675	1.355	1.702
0.757	1.342	10.675	1.356	1.702
0.758	1.343	10.676	1.36	1.704
0.759	1.343	10.679	1.365	1.707
0.76	1.344	10.68	1.372	1.712
0.761	1.346	10.682	1.373	1.712
0.762	1.347	10.685	1.375	1.715
0.763	1.35	10.689	1.376	1.715
0.764	1.35	10.69	1.378	1.715
0.765	1.353	10.691	1.378	1.716
0.766	1.358	10.693	1.379	1.722
0.767	1.36	10.696	1.386	1.722
0.768	1.362	10.697	1.389	1.725
0.769	1.362	10.703	1.389	1.731
0.77	1.365	10.706	1.391	1.732
0.771	1.365	10.71	1.392	1.733
0.772	1.372	10.713	1.396	1.733
0.773	1.376	10.716	1.396	1.735
0.774	1.378	10.719	1.401	1.743
0.775	1.382	10.72	1.403	1.749
0.776	1.384	10.72	1.408	1.75
0.777	1.387	10.724	1.408	1.754
0.778	1.388	10.727	1.411	1.761
0.779	1.39	10.731	1.412	1.762
0.78	1.393	10.735	1.414	1.764
0.781	1.401	10.74	1.417	1.768
0.782	1.413	10.742	1.422	1.772
0.783	1.416	10.743	1.423	1.773
0.784	1.417	10.747	1.426	1.776
0.785	1.419	10.751	1.435	1.778
0.786	1.422	10.754	1.438	1.785
0.787	1.422	10.754	1.439	1.787
0.788	1.423	10.757	1.439	1.787
0.789	1.43	10.759	1.443	1.796
0.79	1.43	10.761	1.443	1.798
0.791	1.431	10.766	1.448	1.798
0.792	1.431	10.768	1.453	1.802
0.793	1.433	10.769	1.461	1.802
0.794	1.435	10.769	1.466	1.802
0.795	1.436	10.774	1.468	1.805
0.796	1.439	10.777	1.468	1.805
0.797	1.441	10.779	1.475	1.807
0.798	1.446	10.78	1.479	1.808
0.799	1.448	10.781	1.48	1.813
0.8	1.452	10.782	1.481	1.818
0.801	1.453	10.783	1.483	1.819
0.802	1.454	10.784	1.483	1.822
0.803	1.455	10.785	1.487	1.822
0.804	1.463	10.788	1.491	1.827
0.805	1.465	10.788	1.492	1.829
0.806	1.465	10.79	1.493	1.83
0.807	1.469	10.791	1.495	1.832
0.808	1.474	10.797	1.498	1.834
0.809	1.474	10.798	1.502	1.834
0.81	1.475	10.801	1.502	1.835
0.811	1.475	10.801	1.505	1.839
0.812	1.475	10.802	1.51	1.84
0.813	1.477	10.811	1.516	1.84
0.814	1.478	10.811	1.525	1.841
0.815	1.481	10.815	1.526	1.845
0.816	1.483	10.82	1.528	1.846
0.817	1.49	10.822	1.528	1.856
0.818	1.494	10.824	1.539	1.869
0.819	1.496	10.83	1.544	1.876
0.82	1.496	10.83	1.544	1.877
0.821	1.501	10.832	1.549	1.88
0.822	1.504	10.839	1.551	1.881
0.823	1.506	10.841	1.557	1.883
0.824	1.509	10.841	1.559	1.89
0.825	1.514	10.843	1.563	1.894
0.826	1.514	10.845	1.568	1.903
0.827	1.515	10.845	1.573	1.904
0.828	1.515	10.849	1.573	1.91
0.829	1.52	10.85	1.579	1.915
0.83	1.521	10.853	1.58	1.917
0.831	1.521	10.855	1.587	1.92
0.832	1.522	10.856	1.595	1.922
0.833	1.524	10.857	1.604	1.926
0.834	1.526	10.861	1.608	1.928
0.835	1.526	10.862	1.611	1.93
0.836	1.527	10.864	1.613	1.934
0.837	1.535	10.865	1.62	1.937
0.838	1.536	10.866	1.623	1.937
0.839	1.545	10.868	1.624	1.937
0.84	1.545	10.869	1.626	1.938
0.841	1.545	10.869	1.63	1.938
0.842	1.562	10.87	1.633	1.938
0.843	1.564	10.872	1.639	1.941
0.844	1.568	10.872	1.642	1.942
0.845	1.57	10.874	1.643	1.946
0.846	1.575	10.876	1.647	1.947
0.847	1.575	10.877	1.651	1.948
0.848	1.578	10.877	1.653	1.95
0.849	1.587	10.885	1.654	1.961
0.85	1.589	10.886	1.662	1.962
0.851	1.589	10.887	1.662	1.963
0.852	1.59	10.889	1.663	1.968
0.853	1.591	10.89	1.663	1.979
0.854	1.597	10.894	1.665	1.979
0.855	1.602	10.899	1.666	1.985
0.856	1.605	10.9	1.671	1.987
0.857	1.608	10.903	1.673	1.992
0.858	1.609	10.906	1.68	1.995
0.859	1.613	10.908	1.681	1.997
0.86	1.613	10.911	1.682	1.998
0.861	1.619	10.912	1.683	1.999
0.862	1.622	10.914	1.687	2.001
0.863	1.624	10.918	1.694	2.001
0.864	1.639	10.92	1.703	2.003
0.865	1.64	10.923	1.703	2.005
0.866	1.648	10.926	1.706	2.007
0.867	1.658	10.928	1.707	2.01
0.868	1.66	10.933	1.707	2.012
0.869	1.662	10.933	1.707	2.012
0.87	1.662	10.936	1.711	2.013
0.871	1.665	10.939	1.714	2.015
0.872	1.678	10.947	1.719	2.017
0.873	1.685	10.948	1.72	2.021
0.874	1.687	10.95	1.725	2.029
0.875	1.688	10.96	1.73	2.039
0.876	1.689	10.966	1.731	2.045
0.877	1.689	10.968	1.735	2.05
0.878	1.69	10.97	1.737	2.053
0.879	1.691	10.972	1.738	2.056
0.88	1.695	10.981	1.743	2.057
0.881	1.695	10.987	1.745	2.06
0.882	1.698	10.988	1.751	2.064
0.883	1.7	10.991	1.753	2.066
0.884	1.704	10.991	1.765	2.067
0.885	1.711	11.002	1.77	2.07
0.886	1.714	11.009	1.77	2.073
0.887	1.717	11.019	1.774	2.074
0.888	1.725	11.024	1.776	2.075
0.889	1.731	11.032	1.777	2.077
0.89	1.744	11.035	1.789	2.08
0.891	1.75	11.04	1.814	2.081
0.892	1.751	11.041	1.817	2.086
0.893	1.751	11.05	1.818	2.086
0.894	1.751	11.057	1.825	2.093
0.895	1.754	11.071	1.826	2.098
0.896	1.755	11.072	1.829	2.099
0.897	1.755	11.073	1.837	2.1
0.898	1.767	11.074	1.839	2.11
0.899	1.768	11.076	1.842	2.11
0.9	1.776	11.083	1.847	2.113
0.901	1.782	11.086	1.851	2.114
0.902	1.788	11.086	1.851	2.115
0.903	1.789	11.087	1.875	2.119
0.904	1.79	11.091	1.886	2.119
0.905	1.811	11.093	1.893	2.127
0.906	1.817	11.097	1.893	2.129
0.907	1.818	11.099	1.896	2.133
0.908	1.841	11.104	1.901	2.136
0.909	1.853	11.104	1.911	2.144
0.91	1.856	11.105	1.92	2.154
0.911	1.86	11.122	1.937	2.159
0.912	1.863	11.128	1.939	2.164
0.913	1.879	11.137	1.94	2.182
0.914	1.885	11.139	1.943	2.196
0.915	1.885	11.142	1.944	2.211
0.916	1.886	11.144	1.946	2.212
0.917	1.893	11.147	1.949	2.218
0.918	1.908	11.15	1.954	2.242
0.919	1.911	11.153	1.96	2.243
0.92	1.918	11.161	1.989	2.245
0.921	1.941	11.163	1.999	2.245
0.922	1.949	11.163	2.006	2.247
0.923	1.951	11.165	2.008	2.25
0.924	1.959	11.17	2.009	2.266
0.925	1.965	11.171	2.01	2.266
0.926	1.974	11.182	2.015	2.268
0.927	1.986	11.195	2.035	2.31
0.928	2.002	11.202	2.05	2.325
0.929	2.016	11.209	2.061	2.333
0.93	2.025	11.215	2.075	2.338
0.931	2.027	11.219	2.083	2.371
0.932	2.032	11.227	2.088	2.396
0.933	2.039	11.236	2.09	2.399
0.934	2.057	11.24	2.102	2.409
0.935	2.064	11.253	2.106	2.472
0.936	2.072	11.255	2.109	2.481
0.937	2.087	11.256	2.121	2.509
0.938	2.114	11.264	2.129	2.515
0.939	2.146	11.269	2.137	2.522
0.94	2.152	11.276	2.138	2.542
0.941	2.17	11.279	2.154	2.577
0.942	2.171	11.284	2.2	2.586
0.943	2.182	11.298	2.211	2.602
0.944	2.183	11.309	2.223	2.624
0.945	2.189	11.364	2.233	2.654
0.946	2.197	11.377	2.247	2.875
0.947	2.202	11.388	2.259	2.883
0.948	2.243	11.396	2.261	2.886
0.949	2.245	11.409	2.264	2.89
0.95	2.258	11.41	2.264	2.919
0.951	2.276	11.425	2.277	2.946
0.952	2.277	11.426	2.309	2.977
0.953	2.279	11.433	2.318	2.984
0.954	2.303	11.446	2.331	3.19
0.955	2.307	11.454	2.334	3.199
0.956	2.339	11.475	2.339	3.306
0.957	2.342	11.477	2.351	3.35
0.958	2.352	11.479	2.356	3.57
0.959	2.366	11.48	2.371	8.832
0.96	2.38	11.482	2.392	8.847
0.961	2.424	11.492	2.431	8.873
0.962	2.446	11.493	2.439	8.895
0.963	2.45	11.52	2.46	8.898
0.964	2.477	11.521	2.493	8.9
0.965	2.515	11.543	2.501	8.906
0.966	2.526	11.551	2.552	9.018
0.967	2.558	11.594	2.557	9.074
0.968	2.586	11.636	2.585	9.094
0.969	2.618	11.647	2.586	9.103
0.97	2.631	11.653	2.606	9.203
0.971	2.637	11.671	2.61	9.207
0.972	2.644	11.697	2.631	9.261
0.973	2.648	11.732	2.645	9.268
0.974	2.659	11.898	2.726	9.268
0.975	2.692	11.91	2.776	9.27
0.976	2.72	11.926	2.782	9.28
0.977	2.734	11.949	2.801	9.334
0.978	2.771	11.995	2.848	9.349
0.979	2.82	12.232	3.012	9.382
0.98	2.872	12.505	3.028	9.405
0.981	2.876	12.847	3.12	9.45
0.982	2.903	14.047	3.27	9.451
0.983	2.927	14.121	3.707	9.518
0.984	2.929	14.833	4.082	9.555
0.985	2.978	14.84	5.186	9.582
0.986	3.14	14.889	5.469	9.61
0.987	3.157	14.917	8.722	9.61
0.988	3.16	17.026	8.761	9.679
0.989	3.206	19.601	8.795	9.691
0.99	3.295	20.299	8.854	9.768
0.991	3.326	20.93	8.993	9.773
0.992	3.354	22.775	9.085	9.795
0.993	3.536	23.646	9.13	9.796
0.994	3.975	26.433	9.279	9.883
0.995	8.539	26.733	9.389	9.985
0.996	8.662	27.024	9.562	10.138
0.997	8.853	28.582	9.573	10.201
0.998	9.253	28.974	9.789	10.619
0.999	10.269	34.195	10.085	10.678
1.0	as4755ribd	as7018ribd	as3356ribd	as2914ribd
