0.001001001001	0.633	1.919	0.769	1.268
0.002002002002	0.638	2.522	0.778	1.275
0.003003003003	0.644	2.562	0.791	1.276
0.004004004004	0.647	2.563	0.809	1.31
0.00500500500501	0.667	2.648	0.826	1.317
0.00600600600601	0.672	2.665	0.83	1.327
0.00700700700701	0.686	2.674	0.83	1.344
0.00800800800801	0.688	2.678	0.837	1.349
0.00900900900901	0.688	2.699	0.838	1.35
0.01001001001	0.693	2.703	0.841	1.356
0.011011011011	0.694	2.703	0.843	1.36
0.012012012012	0.696	2.712	0.852	1.365
0.013013013013	0.697	2.743	0.853	1.373
0.014014014014	0.699	2.774	0.87	1.378
0.015015015015	0.705	2.791	0.879	1.381
0.016016016016	0.724	2.815	0.881	1.384
0.017017017017	0.725	2.834	0.893	1.385
0.018018018018	0.739	2.94	0.896	1.387
0.019019019019	0.74	2.943	0.898	1.414
0.02002002002	0.749	3.043	0.916	1.415
0.021021021021	0.753	3.106	0.916	1.416
0.022022022022	0.754	3.25	0.922	1.421
0.023023023023	0.765	3.27	0.923	1.421
0.024024024024	0.775	3.279	0.933	1.444
0.025025025025	0.787	3.523	0.936	1.481
0.026026026026	0.788	3.566	0.981	1.49
0.027027027027	0.791	3.591	0.986	1.498
0.028028028028	0.797	3.596	1.0	1.563
0.029029029029	0.8	3.613	1.016	1.593
0.03003003003	0.802	3.619	1.028	1.606
0.031031031031	0.805	3.645	1.134	1.607
0.032032032032	0.842	3.682	1.14	1.614
0.033033033033	0.887	3.723	1.173	1.641
0.034034034034	0.896	3.75	1.184	1.645
0.035035035035	0.904	3.772	1.189	1.672
0.036036036036	0.907	3.78	1.191	1.697
0.037037037037	0.909	3.8	1.195	1.701
0.038038038038	0.914	3.812	1.202	1.703
0.039039039039	0.918	3.816	1.202	1.704
0.04004004004	0.918	3.818	1.218	1.704
0.041041041041	0.93	3.818	1.218	1.724
0.042042042042	0.93	3.836	1.219	1.727
0.043043043043	0.935	3.85	1.219	1.729
0.044044044044	0.935	3.861	1.224	1.741
0.045045045045	0.938	3.904	1.227	1.742
0.046046046046	0.941	3.927	1.227	1.743
0.047047047047	0.942	3.94	1.227	1.744
0.048048048048	0.944	3.945	1.228	1.744
0.049049049049	0.946	3.947	1.228	1.755
0.0500500500501	0.948	3.965	1.229	1.764
0.0510510510511	0.949	3.985	1.231	1.766
0.0520520520521	0.95	3.994	1.233	1.767
0.0530530530531	0.95	4.007	1.233	1.769
0.0540540540541	0.95	4.023	1.235	1.774
0.0550550550551	0.952	4.04	1.235	1.775
0.0560560560561	0.954	4.056	1.238	1.776
0.0570570570571	0.954	4.072	1.239	1.776
0.0580580580581	0.954	4.081	1.241	1.776
0.0590590590591	0.955	4.083	1.244	1.783
0.0600600600601	0.956	4.106	1.245	1.786
0.0610610610611	0.957	4.132	1.25	1.787
0.0620620620621	0.957	4.135	1.252	1.788
0.0630630630631	0.957	4.157	1.252	1.789
0.0640640640641	0.957	4.181	1.252	1.79
0.0650650650651	0.958	4.193	1.252	1.79
0.0660660660661	0.958	4.233	1.254	1.792
0.0670670670671	0.96	4.249	1.254	1.794
0.0680680680681	0.961	4.263	1.257	1.799
0.0690690690691	0.962	4.285	1.26	1.8
0.0700700700701	0.963	4.291	1.26	1.801
0.0710710710711	0.965	4.307	1.261	1.803
0.0720720720721	0.965	4.308	1.261	1.804
0.0730730730731	0.966	4.313	1.261	1.805
0.0740740740741	0.966	4.323	1.264	1.805
0.0750750750751	0.967	4.329	1.265	1.807
0.0760760760761	0.967	4.333	1.266	1.807
0.0770770770771	0.967	4.36	1.267	1.813
0.0780780780781	0.968	4.371	1.267	1.814
0.0790790790791	0.968	4.382	1.267	1.814
0.0800800800801	0.968	4.403	1.272	1.815
0.0810810810811	0.969	4.407	1.272	1.816
0.0820820820821	0.969	4.408	1.273	1.816
0.0830830830831	0.969	4.412	1.274	1.817
0.0840840840841	0.97	4.418	1.275	1.819
0.0850850850851	0.971	4.434	1.275	1.819
0.0860860860861	0.971	4.46	1.275	1.819
0.0870870870871	0.971	4.472	1.275	1.82
0.0880880880881	0.972	4.496	1.276	1.82
0.0890890890891	0.972	4.505	1.276	1.823
0.0900900900901	0.973	4.568	1.277	1.824
0.0910910910911	0.973	4.598	1.278	1.824
0.0920920920921	0.974	4.63	1.279	1.825
0.0930930930931	0.974	4.663	1.279	1.825
0.0940940940941	0.974	5.021	1.28	1.828
0.0950950950951	0.974	5.046	1.28	1.828
0.0960960960961	0.974	5.048	1.283	1.829
0.0970970970971	0.974	5.067	1.283	1.829
0.0980980980981	0.974	5.211	1.284	1.829
0.0990990990991	0.975	5.365	1.284	1.83
0.1001001001	0.975	5.392	1.285	1.83
0.101101101101	0.977	5.483	1.285	1.832
0.102102102102	0.977	5.508	1.286	1.832
0.103103103103	0.977	5.545	1.286	1.834
0.104104104104	0.977	5.706	1.287	1.834
0.105105105105	0.977	5.753	1.287	1.834
0.106106106106	0.978	5.772	1.288	1.836
0.107107107107	0.978	5.905	1.289	1.838
0.108108108108	0.978	6.371	1.289	1.839
0.109109109109	0.978	6.843	1.289	1.84
0.11011011011	0.978	6.911	1.29	1.84
0.111111111111	0.978	8.55	1.29	1.841
0.112112112112	0.979	9.398	1.29	1.841
0.113113113113	0.979	9.523	1.291	1.842
0.114114114114	0.979	9.538	1.291	1.842
0.115115115115	0.98	9.617	1.291	1.842
0.116116116116	0.98	9.814	1.291	1.842
0.117117117117	0.98	9.848	1.291	1.842
0.118118118118	0.98	9.951	1.292	1.843
0.119119119119	0.98	9.957	1.293	1.843
0.12012012012	0.981	9.976	1.293	1.843
0.121121121121	0.981	9.98	1.293	1.843
0.122122122122	0.982	10.014	1.294	1.843
0.123123123123	0.982	10.027	1.294	1.843
0.124124124124	0.982	10.03	1.294	1.843
0.125125125125	0.982	10.031	1.295	1.844
0.126126126126	0.982	10.05	1.295	1.844
0.127127127127	0.982	10.054	1.295	1.845
0.128128128128	0.983	10.102	1.295	1.845
0.129129129129	0.983	10.113	1.296	1.847
0.13013013013	0.984	10.121	1.296	1.847
0.131131131131	0.984	10.123	1.296	1.847
0.132132132132	0.985	10.131	1.296	1.848
0.133133133133	0.985	10.141	1.296	1.848
0.134134134134	0.985	10.188	1.297	1.848
0.135135135135	0.986	10.197	1.297	1.848
0.136136136136	0.986	10.261	1.297	1.848
0.137137137137	0.986	10.328	1.298	1.848
0.138138138138	0.986	10.333	1.298	1.849
0.139139139139	0.988	10.337	1.299	1.849
0.14014014014	0.988	10.348	1.299	1.849
0.141141141141	0.988	10.418	1.299	1.85
0.142142142142	0.988	10.418	1.3	1.85
0.143143143143	0.988	10.525	1.3	1.851
0.144144144144	0.989	10.553	1.301	1.851
0.145145145145	0.989	10.562	1.301	1.852
0.146146146146	0.989	10.575	1.301	1.853
0.147147147147	0.989	10.587	1.302	1.853
0.148148148148	0.989	10.599	1.303	1.855
0.149149149149	0.99	10.621	1.303	1.855
0.15015015015	0.99	10.647	1.303	1.855
0.151151151151	0.99	10.679	1.304	1.855
0.152152152152	0.99	10.683	1.304	1.855
0.153153153153	0.99	10.697	1.304	1.856
0.154154154154	0.99	10.709	1.305	1.856
0.155155155155	0.99	10.714	1.305	1.857
0.156156156156	0.991	10.715	1.305	1.858
0.157157157157	0.991	10.716	1.305	1.858
0.158158158158	0.992	10.723	1.307	1.858
0.159159159159	0.992	10.751	1.307	1.859
0.16016016016	0.992	10.757	1.307	1.859
0.161161161161	0.993	10.761	1.307	1.859
0.162162162162	0.993	10.769	1.308	1.859
0.163163163163	0.994	10.778	1.309	1.859
0.164164164164	0.994	10.782	1.309	1.86
0.165165165165	0.994	10.784	1.309	1.86
0.166166166166	0.995	10.787	1.309	1.86
0.167167167167	0.995	10.788	1.31	1.861
0.168168168168	0.995	10.796	1.31	1.861
0.169169169169	0.995	10.797	1.31	1.861
0.17017017017	0.995	10.798	1.311	1.861
0.171171171171	0.995	10.799	1.311	1.861
0.172172172172	0.995	10.804	1.311	1.861
0.173173173173	0.996	10.805	1.312	1.862
0.174174174174	0.996	10.813	1.312	1.862
0.175175175175	0.996	10.817	1.312	1.862
0.176176176176	0.996	10.827	1.312	1.863
0.177177177177	0.997	10.833	1.312	1.863
0.178178178178	0.997	10.845	1.312	1.863
0.179179179179	0.997	10.849	1.312	1.864
0.18018018018	0.997	10.854	1.312	1.865
0.181181181181	0.998	10.864	1.312	1.865
0.182182182182	0.998	10.865	1.313	1.865
0.183183183183	0.998	10.866	1.313	1.866
0.184184184184	0.998	10.874	1.314	1.866
0.185185185185	0.998	10.875	1.314	1.867
0.186186186186	0.999	10.879	1.314	1.868
0.187187187187	0.999	10.892	1.314	1.868
0.188188188188	0.999	10.894	1.314	1.868
0.189189189189	0.999	10.895	1.315	1.869
0.19019019019	0.999	10.898	1.315	1.869
0.191191191191	1.0	10.899	1.315	1.869
0.192192192192	1.0	10.9	1.316	1.869
0.193193193193	1.0	10.91	1.316	1.869
0.194194194194	1.0	10.911	1.317	1.87
0.195195195195	1.0	10.915	1.317	1.871
0.196196196196	1.0	10.922	1.317	1.871
0.197197197197	1.001	10.929	1.317	1.872
0.198198198198	1.001	10.935	1.317	1.872
0.199199199199	1.001	10.938	1.317	1.873
0.2002002002	1.001	10.939	1.317	1.873
0.201201201201	1.001	10.948	1.317	1.873
0.202202202202	1.001	10.952	1.317	1.873
0.203203203203	1.001	10.955	1.318	1.874
0.204204204204	1.001	10.96	1.318	1.875
0.205205205205	1.002	10.961	1.318	1.875
0.206206206206	1.002	10.971	1.318	1.876
0.207207207207	1.003	10.972	1.319	1.876
0.208208208208	1.003	10.975	1.319	1.876
0.209209209209	1.003	10.977	1.319	1.876
0.21021021021	1.003	10.982	1.32	1.876
0.211211211211	1.003	10.99	1.32	1.876
0.212212212212	1.003	10.991	1.32	1.877
0.213213213213	1.004	10.991	1.321	1.877
0.214214214214	1.004	10.991	1.321	1.877
0.215215215215	1.004	10.995	1.321	1.877
0.216216216216	1.004	10.998	1.322	1.878
0.217217217217	1.004	11.006	1.322	1.878
0.218218218218	1.004	11.02	1.323	1.878
0.219219219219	1.004	11.025	1.323	1.879
0.22022022022	1.004	11.028	1.323	1.879
0.221221221221	1.004	11.029	1.323	1.879
0.222222222222	1.005	11.03	1.324	1.879
0.223223223223	1.005	11.031	1.324	1.879
0.224224224224	1.005	11.037	1.324	1.88
0.225225225225	1.005	11.049	1.325	1.88
0.226226226226	1.005	11.049	1.325	1.881
0.227227227227	1.005	11.061	1.326	1.881
0.228228228228	1.005	11.063	1.327	1.881
0.229229229229	1.006	11.068	1.327	1.882
0.23023023023	1.006	11.069	1.327	1.882
0.231231231231	1.006	11.07	1.327	1.882
0.232232232232	1.007	11.071	1.327	1.882
0.233233233233	1.008	11.072	1.327	1.883
0.234234234234	1.008	11.073	1.328	1.883
0.235235235235	1.008	11.081	1.328	1.883
0.236236236236	1.008	11.083	1.329	1.883
0.237237237237	1.008	11.089	1.329	1.884
0.238238238238	1.008	11.097	1.329	1.884
0.239239239239	1.008	11.098	1.329	1.884
0.24024024024	1.008	11.098	1.329	1.884
0.241241241241	1.008	11.101	1.329	1.884
0.242242242242	1.009	11.104	1.329	1.885
0.243243243243	1.009	11.105	1.329	1.885
0.244244244244	1.009	11.106	1.33	1.885
0.245245245245	1.009	11.106	1.33	1.885
0.246246246246	1.009	11.106	1.33	1.885
0.247247247247	1.009	11.107	1.331	1.886
0.248248248248	1.009	11.109	1.331	1.886
0.249249249249	1.01	11.109	1.331	1.886
0.25025025025	1.01	11.11	1.332	1.887
0.251251251251	1.01	11.113	1.332	1.887
0.252252252252	1.01	11.115	1.332	1.887
0.253253253253	1.01	11.116	1.332	1.887
0.254254254254	1.01	11.121	1.333	1.887
0.255255255255	1.011	11.122	1.333	1.888
0.256256256256	1.011	11.125	1.333	1.888
0.257257257257	1.011	11.126	1.333	1.889
0.258258258258	1.011	11.127	1.333	1.889
0.259259259259	1.011	11.128	1.333	1.889
0.26026026026	1.012	11.131	1.333	1.889
0.261261261261	1.012	11.134	1.334	1.889
0.262262262262	1.012	11.135	1.334	1.89
0.263263263263	1.013	11.143	1.334	1.891
0.264264264264	1.013	11.145	1.334	1.891
0.265265265265	1.013	11.147	1.334	1.891
0.266266266266	1.013	11.148	1.335	1.893
0.267267267267	1.013	11.149	1.335	1.894
0.268268268268	1.013	11.153	1.335	1.895
0.269269269269	1.013	11.154	1.335	1.895
0.27027027027	1.013	11.154	1.336	1.895
0.271271271271	1.013	11.157	1.336	1.895
0.272272272272	1.014	11.159	1.336	1.895
0.273273273273	1.014	11.159	1.336	1.896
0.274274274274	1.014	11.161	1.337	1.896
0.275275275275	1.014	11.162	1.337	1.896
0.276276276276	1.014	11.162	1.337	1.896
0.277277277277	1.014	11.164	1.337	1.898
0.278278278278	1.014	11.167	1.337	1.899
0.279279279279	1.014	11.169	1.337	1.899
0.28028028028	1.015	11.17	1.338	1.9
0.281281281281	1.015	11.172	1.338	1.9
0.282282282282	1.015	11.174	1.339	1.9
0.283283283283	1.015	11.179	1.339	1.9
0.284284284284	1.016	11.179	1.34	1.9
0.285285285285	1.016	11.18	1.34	1.9
0.286286286286	1.016	11.18	1.34	1.9
0.287287287287	1.016	11.183	1.34	1.901
0.288288288288	1.017	11.184	1.34	1.901
0.289289289289	1.017	11.185	1.341	1.901
0.29029029029	1.017	11.193	1.342	1.901
0.291291291291	1.017	11.197	1.342	1.902
0.292292292292	1.017	11.199	1.343	1.902
0.293293293293	1.017	11.204	1.343	1.902
0.294294294294	1.017	11.211	1.343	1.903
0.295295295295	1.018	11.212	1.343	1.904
0.296296296296	1.018	11.213	1.343	1.904
0.297297297297	1.018	11.217	1.344	1.904
0.298298298298	1.018	11.217	1.344	1.904
0.299299299299	1.018	11.218	1.345	1.904
0.3003003003	1.018	11.221	1.345	1.905
0.301301301301	1.018	11.223	1.345	1.905
0.302302302302	1.019	11.224	1.346	1.906
0.303303303303	1.019	11.224	1.346	1.906
0.304304304304	1.019	11.226	1.346	1.906
0.305305305305	1.019	11.226	1.347	1.906
0.306306306306	1.019	11.226	1.347	1.906
0.307307307307	1.02	11.227	1.348	1.906
0.308308308308	1.02	11.228	1.348	1.906
0.309309309309	1.02	11.228	1.348	1.906
0.31031031031	1.02	11.231	1.348	1.907
0.311311311311	1.02	11.235	1.348	1.907
0.312312312312	1.02	11.237	1.349	1.907
0.313313313313	1.02	11.241	1.349	1.907
0.314314314314	1.02	11.244	1.349	1.908
0.315315315315	1.02	11.245	1.349	1.908
0.316316316316	1.02	11.246	1.349	1.909
0.317317317317	1.02	11.248	1.35	1.909
0.318318318318	1.02	11.25	1.351	1.91
0.319319319319	1.02	11.25	1.351	1.91
0.32032032032	1.02	11.252	1.351	1.91
0.321321321321	1.021	11.256	1.352	1.91
0.322322322322	1.021	11.257	1.352	1.911
0.323323323323	1.021	11.259	1.352	1.911
0.324324324324	1.021	11.262	1.353	1.911
0.325325325325	1.021	11.262	1.353	1.911
0.326326326326	1.021	11.265	1.353	1.912
0.327327327327	1.021	11.265	1.353	1.912
0.328328328328	1.022	11.267	1.353	1.912
0.329329329329	1.022	11.269	1.353	1.913
0.33033033033	1.022	11.275	1.353	1.913
0.331331331331	1.022	11.276	1.354	1.913
0.332332332332	1.022	11.277	1.354	1.913
0.333333333333	1.022	11.279	1.354	1.913
0.334334334334	1.022	11.282	1.355	1.913
0.335335335335	1.022	11.288	1.355	1.914
0.336336336336	1.023	11.291	1.355	1.914
0.337337337337	1.023	11.293	1.355	1.915
0.338338338338	1.023	11.295	1.355	1.915
0.339339339339	1.023	11.298	1.355	1.916
0.34034034034	1.023	11.301	1.356	1.917
0.341341341341	1.023	11.306	1.356	1.917
0.342342342342	1.023	11.308	1.356	1.917
0.343343343343	1.023	11.309	1.356	1.917
0.344344344344	1.023	11.315	1.357	1.917
0.345345345345	1.023	11.315	1.357	1.918
0.346346346346	1.024	11.316	1.357	1.918
0.347347347347	1.024	11.318	1.357	1.918
0.348348348348	1.024	11.32	1.357	1.918
0.349349349349	1.024	11.32	1.358	1.918
0.35035035035	1.024	11.321	1.358	1.918
0.351351351351	1.024	11.323	1.358	1.918
0.352352352352	1.025	11.323	1.358	1.918
0.353353353353	1.025	11.326	1.358	1.918
0.354354354354	1.025	11.326	1.359	1.919
0.355355355355	1.025	11.327	1.359	1.919
0.356356356356	1.025	11.331	1.359	1.919
0.357357357357	1.026	11.331	1.36	1.919
0.358358358358	1.026	11.335	1.36	1.921
0.359359359359	1.026	11.335	1.361	1.921
0.36036036036	1.027	11.335	1.361	1.921
0.361361361361	1.027	11.337	1.361	1.921
0.362362362362	1.027	11.338	1.361	1.921
0.363363363363	1.027	11.338	1.361	1.922
0.364364364364	1.027	11.341	1.362	1.922
0.365365365365	1.027	11.341	1.362	1.922
0.366366366366	1.027	11.342	1.362	1.923
0.367367367367	1.027	11.342	1.362	1.923
0.368368368368	1.027	11.351	1.363	1.923
0.369369369369	1.027	11.352	1.363	1.923
0.37037037037	1.027	11.356	1.363	1.923
0.371371371371	1.028	11.358	1.363	1.924
0.372372372372	1.028	11.36	1.363	1.924
0.373373373373	1.028	11.362	1.363	1.924
0.374374374374	1.028	11.363	1.364	1.924
0.375375375375	1.028	11.364	1.364	1.924
0.376376376376	1.028	11.368	1.364	1.924
0.377377377377	1.029	11.369	1.364	1.925
0.378378378378	1.029	11.369	1.365	1.925
0.379379379379	1.029	11.37	1.365	1.925
0.38038038038	1.029	11.371	1.365	1.926
0.381381381381	1.029	11.371	1.366	1.927
0.382382382382	1.029	11.375	1.366	1.927
0.383383383383	1.029	11.375	1.366	1.927
0.384384384384	1.029	11.376	1.366	1.928
0.385385385385	1.03	11.381	1.366	1.928
0.386386386386	1.03	11.382	1.367	1.928
0.387387387387	1.03	11.382	1.367	1.928
0.388388388388	1.03	11.384	1.367	1.929
0.389389389389	1.031	11.384	1.367	1.929
0.39039039039	1.031	11.386	1.367	1.929
0.391391391391	1.031	11.387	1.367	1.93
0.392392392392	1.031	11.389	1.368	1.93
0.393393393393	1.031	11.391	1.369	1.931
0.394394394394	1.031	11.392	1.369	1.931
0.395395395395	1.031	11.395	1.37	1.931
0.396396396396	1.031	11.396	1.37	1.931
0.397397397397	1.032	11.397	1.37	1.931
0.398398398398	1.032	11.401	1.37	1.932
0.399399399399	1.032	11.402	1.37	1.932
0.4004004004	1.032	11.404	1.37	1.933
0.401401401401	1.032	11.406	1.371	1.933
0.402402402402	1.032	11.408	1.371	1.933
0.403403403403	1.032	11.41	1.371	1.933
0.404404404404	1.032	11.41	1.371	1.933
0.405405405405	1.033	11.411	1.371	1.933
0.406406406406	1.033	11.415	1.371	1.934
0.407407407407	1.033	11.416	1.371	1.934
0.408408408408	1.033	11.418	1.371	1.934
0.409409409409	1.033	11.421	1.372	1.935
0.41041041041	1.033	11.423	1.372	1.935
0.411411411411	1.033	11.423	1.373	1.935
0.412412412412	1.033	11.423	1.373	1.935
0.413413413413	1.033	11.425	1.374	1.936
0.414414414414	1.034	11.426	1.374	1.937
0.415415415415	1.034	11.427	1.374	1.937
0.416416416416	1.034	11.428	1.374	1.937
0.417417417417	1.034	11.428	1.375	1.938
0.418418418418	1.034	11.432	1.375	1.938
0.419419419419	1.035	11.433	1.375	1.939
0.42042042042	1.035	11.433	1.375	1.939
0.421421421421	1.035	11.436	1.375	1.94
0.422422422422	1.035	11.437	1.375	1.941
0.423423423423	1.035	11.44	1.375	1.942
0.424424424424	1.035	11.441	1.376	1.942
0.425425425425	1.036	11.441	1.376	1.942
0.426426426426	1.036	11.441	1.376	1.943
0.427427427427	1.036	11.442	1.376	1.943
0.428428428428	1.036	11.443	1.376	1.943
0.429429429429	1.036	11.443	1.376	1.943
0.43043043043	1.036	11.443	1.376	1.943
0.431431431431	1.036	11.443	1.377	1.944
0.432432432432	1.036	11.445	1.377	1.944
0.433433433433	1.036	11.45	1.377	1.944
0.434434434434	1.036	11.453	1.377	1.945
0.435435435435	1.037	11.458	1.378	1.945
0.436436436436	1.037	11.463	1.379	1.945
0.437437437437	1.037	11.473	1.379	1.945
0.438438438438	1.037	11.474	1.38	1.945
0.439439439439	1.037	11.476	1.38	1.946
0.44044044044	1.037	11.476	1.381	1.946
0.441441441441	1.037	11.477	1.381	1.946
0.442442442442	1.037	11.479	1.382	1.947
0.443443443443	1.038	11.484	1.382	1.947
0.444444444444	1.038	11.487	1.382	1.947
0.445445445445	1.038	11.49	1.382	1.947
0.446446446446	1.039	11.492	1.383	1.947
0.447447447447	1.039	11.493	1.383	1.948
0.448448448448	1.039	11.494	1.384	1.949
0.449449449449	1.039	11.497	1.384	1.949
0.45045045045	1.039	11.499	1.385	1.951
0.451451451451	1.039	11.503	1.385	1.951
0.452452452452	1.039	11.504	1.385	1.951
0.453453453453	1.039	11.504	1.385	1.952
0.454454454454	1.04	11.504	1.386	1.952
0.455455455455	1.04	11.511	1.386	1.952
0.456456456456	1.04	11.511	1.386	1.952
0.457457457457	1.04	11.512	1.386	1.953
0.458458458458	1.04	11.512	1.386	1.953
0.459459459459	1.04	11.512	1.387	1.953
0.46046046046	1.04	11.515	1.387	1.953
0.461461461461	1.04	11.516	1.387	1.954
0.462462462462	1.041	11.518	1.387	1.955
0.463463463463	1.041	11.519	1.388	1.956
0.464464464464	1.041	11.52	1.388	1.956
0.465465465465	1.041	11.521	1.389	1.957
0.466466466466	1.042	11.523	1.39	1.957
0.467467467467	1.042	11.523	1.39	1.957
0.468468468468	1.042	11.526	1.39	1.957
0.469469469469	1.042	11.527	1.39	1.957
0.47047047047	1.043	11.527	1.39	1.957
0.471471471471	1.043	11.528	1.391	1.957
0.472472472472	1.043	11.528	1.391	1.958
0.473473473473	1.043	11.532	1.391	1.958
0.474474474474	1.043	11.534	1.391	1.959
0.475475475475	1.043	11.537	1.392	1.96
0.476476476476	1.043	11.538	1.392	1.96
0.477477477477	1.044	11.539	1.392	1.961
0.478478478478	1.044	11.547	1.392	1.961
0.479479479479	1.044	11.547	1.392	1.961
0.48048048048	1.044	11.55	1.393	1.961
0.481481481481	1.044	11.553	1.393	1.962
0.482482482482	1.044	11.555	1.393	1.962
0.483483483483	1.045	11.556	1.394	1.962
0.484484484484	1.045	11.556	1.394	1.962
0.485485485485	1.045	11.559	1.394	1.963
0.486486486486	1.045	11.561	1.394	1.963
0.487487487487	1.045	11.57	1.394	1.963
0.488488488488	1.045	11.57	1.394	1.963
0.489489489489	1.045	11.571	1.395	1.963
0.49049049049	1.046	11.575	1.396	1.963
0.491491491491	1.046	11.575	1.396	1.965
0.492492492492	1.046	11.577	1.396	1.965
0.493493493493	1.046	11.579	1.396	1.966
0.494494494494	1.046	11.58	1.396	1.966
0.495495495495	1.046	11.58	1.397	1.966
0.496496496496	1.046	11.582	1.398	1.968
0.497497497497	1.047	11.586	1.398	1.968
0.498498498498	1.048	11.586	1.398	1.968
0.499499499499	1.048	11.589	1.398	1.969
0.500500500501	1.048	11.589	1.398	1.969
0.501501501502	1.049	11.595	1.399	1.97
0.502502502503	1.049	11.599	1.399	1.97
0.503503503504	1.049	11.599	1.399	1.971
0.504504504505	1.049	11.603	1.399	1.972
0.505505505506	1.049	11.603	1.399	1.972
0.506506506507	1.05	11.603	1.399	1.972
0.507507507508	1.05	11.603	1.4	1.972
0.508508508509	1.05	11.605	1.4	1.973
0.50950950951	1.05	11.609	1.4	1.973
0.510510510511	1.05	11.614	1.4	1.973
0.511511511512	1.05	11.616	1.4	1.973
0.512512512513	1.05	11.618	1.401	1.974
0.513513513514	1.05	11.619	1.401	1.974
0.514514514515	1.05	11.62	1.402	1.974
0.515515515516	1.051	11.621	1.402	1.975
0.516516516517	1.051	11.622	1.403	1.975
0.517517517518	1.051	11.623	1.403	1.975
0.518518518519	1.051	11.623	1.403	1.975
0.51951951952	1.051	11.626	1.403	1.976
0.520520520521	1.051	11.63	1.403	1.976
0.521521521522	1.052	11.632	1.403	1.976
0.522522522523	1.052	11.632	1.404	1.977
0.523523523524	1.052	11.635	1.404	1.977
0.524524524525	1.052	11.637	1.404	1.978
0.525525525526	1.052	11.639	1.405	1.978
0.526526526527	1.052	11.641	1.405	1.978
0.527527527528	1.052	11.642	1.405	1.978
0.528528528529	1.052	11.642	1.405	1.979
0.52952952953	1.052	11.644	1.405	1.979
0.530530530531	1.053	11.644	1.406	1.98
0.531531531532	1.053	11.645	1.406	1.98
0.532532532533	1.053	11.646	1.406	1.981
0.533533533534	1.053	11.647	1.407	1.981
0.534534534535	1.053	11.648	1.407	1.981
0.535535535536	1.054	11.648	1.407	1.981
0.536536536537	1.054	11.649	1.407	1.984
0.537537537538	1.054	11.651	1.407	1.985
0.538538538539	1.054	11.653	1.408	1.985
0.53953953954	1.054	11.657	1.408	1.986
0.540540540541	1.054	11.66	1.408	1.986
0.541541541542	1.054	11.664	1.409	1.986
0.542542542543	1.055	11.665	1.409	1.986
0.543543543544	1.055	11.666	1.41	1.988
0.544544544545	1.055	11.67	1.41	1.988
0.545545545546	1.055	11.671	1.41	1.989
0.546546546547	1.056	11.672	1.41	1.989
0.547547547548	1.056	11.673	1.41	1.989
0.548548548549	1.056	11.675	1.41	1.989
0.54954954955	1.056	11.675	1.41	1.991
0.550550550551	1.057	11.676	1.41	1.991
0.551551551552	1.057	11.676	1.411	1.991
0.552552552553	1.057	11.679	1.411	1.992
0.553553553554	1.057	11.685	1.411	1.992
0.554554554555	1.057	11.688	1.411	1.992
0.555555555556	1.057	11.693	1.412	1.993
0.556556556557	1.058	11.693	1.412	1.993
0.557557557558	1.059	11.701	1.412	1.993
0.558558558559	1.06	11.702	1.413	1.993
0.55955955956	1.06	11.704	1.413	1.994
0.560560560561	1.061	11.704	1.414	1.995
0.561561561562	1.061	11.707	1.414	1.995
0.562562562563	1.061	11.711	1.414	1.996
0.563563563564	1.061	11.713	1.415	1.996
0.564564564565	1.061	11.717	1.415	1.997
0.565565565566	1.062	11.72	1.415	1.997
0.566566566567	1.062	11.721	1.416	1.998
0.567567567568	1.062	11.723	1.416	1.999
0.568568568569	1.062	11.726	1.417	1.999
0.56956956957	1.062	11.739	1.418	2.0
0.570570570571	1.062	11.742	1.418	2.0
0.571571571572	1.063	11.743	1.418	2.0
0.572572572573	1.064	11.744	1.418	2.001
0.573573573574	1.064	11.745	1.419	2.001
0.574574574575	1.064	11.745	1.419	2.002
0.575575575576	1.064	11.746	1.419	2.002
0.576576576577	1.065	11.754	1.42	2.003
0.577577577578	1.065	11.759	1.42	2.004
0.578578578579	1.065	11.76	1.42	2.004
0.57957957958	1.065	11.76	1.421	2.004
0.580580580581	1.065	11.761	1.421	2.005
0.581581581582	1.066	11.766	1.421	2.005
0.582582582583	1.066	11.769	1.421	2.005
0.583583583584	1.066	11.769	1.422	2.006
0.584584584585	1.066	11.771	1.422	2.006
0.585585585586	1.067	11.772	1.423	2.007
0.586586586587	1.067	11.777	1.423	2.008
0.587587587588	1.067	11.778	1.423	2.009
0.588588588589	1.067	11.782	1.424	2.009
0.58958958959	1.068	11.79	1.424	2.01
0.590590590591	1.068	11.793	1.425	2.011
0.591591591592	1.068	11.793	1.425	2.011
0.592592592593	1.068	11.794	1.427	2.011
0.593593593594	1.068	11.797	1.427	2.011
0.594594594595	1.068	11.798	1.427	2.012
0.595595595596	1.069	11.798	1.427	2.013
0.596596596597	1.069	11.802	1.427	2.013
0.597597597598	1.07	11.803	1.427	2.013
0.598598598599	1.07	11.803	1.428	2.014
0.5995995996	1.071	11.804	1.428	2.016
0.600600600601	1.071	11.804	1.428	2.017
0.601601601602	1.071	11.806	1.429	2.017
0.602602602603	1.071	11.808	1.429	2.017
0.603603603604	1.071	11.809	1.429	2.018
0.604604604605	1.072	11.81	1.43	2.018
0.605605605606	1.072	11.811	1.431	2.018
0.606606606607	1.073	11.811	1.431	2.019
0.607607607608	1.073	11.812	1.432	2.02
0.608608608609	1.073	11.821	1.433	2.02
0.60960960961	1.073	11.822	1.433	2.02
0.610610610611	1.073	11.823	1.433	2.021
0.611611611612	1.074	11.824	1.433	2.021
0.612612612613	1.074	11.825	1.434	2.021
0.613613613614	1.074	11.826	1.434	2.022
0.614614614615	1.074	11.829	1.434	2.023
0.615615615616	1.075	11.829	1.434	2.023
0.616616616617	1.075	11.836	1.435	2.024
0.617617617618	1.075	11.841	1.435	2.025
0.618618618619	1.076	11.845	1.435	2.025
0.61961961962	1.076	11.854	1.435	2.025
0.620620620621	1.076	11.864	1.436	2.027
0.621621621622	1.077	11.864	1.436	2.028
0.622622622623	1.077	11.866	1.436	2.029
0.623623623624	1.077	11.868	1.437	2.029
0.624624624625	1.077	11.878	1.437	2.029
0.625625625626	1.078	11.878	1.437	2.029
0.626626626627	1.078	11.881	1.438	2.029
0.627627627628	1.078	11.889	1.438	2.03
0.628628628629	1.078	11.893	1.438	2.03
0.62962962963	1.079	11.894	1.438	2.03
0.630630630631	1.079	11.897	1.439	2.031
0.631631631632	1.079	11.9	1.44	2.031
0.632632632633	1.079	11.912	1.44	2.031
0.633633633634	1.079	11.915	1.44	2.032
0.634634634635	1.08	11.918	1.44	2.032
0.635635635636	1.08	11.919	1.441	2.033
0.636636636637	1.08	11.922	1.441	2.034
0.637637637638	1.08	11.923	1.441	2.034
0.638638638639	1.08	11.923	1.443	2.034
0.63963963964	1.081	11.925	1.445	2.034
0.640640640641	1.082	11.932	1.445	2.035
0.641641641642	1.082	11.934	1.445	2.035
0.642642642643	1.082	11.958	1.446	2.036
0.643643643644	1.082	11.963	1.447	2.036
0.644644644645	1.082	11.966	1.447	2.036
0.645645645646	1.083	11.971	1.447	2.037
0.646646646647	1.083	11.976	1.448	2.038
0.647647647648	1.083	11.989	1.448	2.038
0.648648648649	1.083	11.989	1.448	2.041
0.64964964965	1.084	11.99	1.448	2.042
0.650650650651	1.085	11.991	1.448	2.042
0.651651651652	1.085	12.005	1.448	2.042
0.652652652653	1.085	12.007	1.449	2.043
0.653653653654	1.086	12.014	1.45	2.043
0.654654654655	1.086	12.029	1.45	2.045
0.655655655656	1.086	12.029	1.451	2.046
0.656656656657	1.086	12.03	1.451	2.046
0.657657657658	1.087	12.03	1.451	2.047
0.658658658659	1.087	12.031	1.452	2.047
0.65965965966	1.089	12.032	1.453	2.047
0.660660660661	1.089	12.037	1.453	2.047
0.661661661662	1.089	12.045	1.453	2.047
0.662662662663	1.089	12.047	1.454	2.048
0.663663663664	1.09	12.049	1.454	2.048
0.664664664665	1.09	12.053	1.454	2.048
0.665665665666	1.09	12.055	1.455	2.049
0.666666666667	1.091	12.057	1.456	2.051
0.667667667668	1.091	12.063	1.456	2.051
0.668668668669	1.092	12.063	1.458	2.051
0.66966966967	1.092	12.064	1.458	2.052
0.670670670671	1.092	12.068	1.458	2.052
0.671671671672	1.093	12.069	1.459	2.053
0.672672672673	1.093	12.07	1.459	2.054
0.673673673674	1.093	12.072	1.46	2.054
0.674674674675	1.094	12.072	1.46	2.055
0.675675675676	1.094	12.072	1.461	2.055
0.676676676677	1.095	12.074	1.462	2.056
0.677677677678	1.095	12.08	1.462	2.056
0.678678678679	1.096	12.087	1.463	2.056
0.67967967968	1.096	12.088	1.463	2.056
0.680680680681	1.096	12.106	1.464	2.056
0.681681681682	1.097	12.109	1.466	2.057
0.682682682683	1.097	12.114	1.466	2.057
0.683683683684	1.097	12.115	1.468	2.058
0.684684684685	1.097	12.115	1.468	2.059
0.685685685686	1.098	12.124	1.469	2.059
0.686686686687	1.098	12.133	1.469	2.06
0.687687687688	1.098	12.133	1.469	2.061
0.688688688689	1.098	12.134	1.469	2.061
0.68968968969	1.098	12.136	1.47	2.062
0.690690690691	1.098	12.147	1.47	2.063
0.691691691692	1.099	12.148	1.471	2.063
0.692692692693	1.099	12.151	1.472	2.064
0.693693693694	1.099	12.155	1.473	2.064
0.694694694695	1.099	12.157	1.473	2.067
0.695695695696	1.099	12.159	1.473	2.069
0.696696696697	1.1	12.161	1.474	2.069
0.697697697698	1.101	12.163	1.474	2.07
0.698698698699	1.101	12.165	1.475	2.07
0.6996996997	1.101	12.166	1.475	2.07
0.700700700701	1.102	12.171	1.477	2.071
0.701701701702	1.102	12.172	1.478	2.071
0.702702702703	1.104	12.179	1.479	2.072
0.703703703704	1.104	12.183	1.479	2.073
0.704704704705	1.104	12.184	1.48	2.073
0.705705705706	1.105	12.184	1.48	2.074
0.706706706707	1.106	12.191	1.482	2.075
0.707707707708	1.106	12.194	1.482	2.075
0.708708708709	1.106	12.203	1.482	2.077
0.70970970971	1.107	12.211	1.484	2.077
0.710710710711	1.108	12.213	1.485	2.078
0.711711711712	1.108	12.221	1.486	2.079
0.712712712713	1.108	12.222	1.486	2.08
0.713713713714	1.109	12.224	1.488	2.08
0.714714714715	1.109	12.228	1.489	2.081
0.715715715716	1.109	12.232	1.489	2.081
0.716716716717	1.11	12.232	1.489	2.082
0.717717717718	1.11	12.24	1.491	2.082
0.718718718719	1.111	12.241	1.491	2.083
0.71971971972	1.111	12.246	1.492	2.083
0.720720720721	1.112	12.249	1.492	2.084
0.721721721722	1.112	12.255	1.493	2.084
0.722722722723	1.112	12.256	1.495	2.084
0.723723723724	1.113	12.256	1.495	2.085
0.724724724725	1.114	12.257	1.495	2.086
0.725725725726	1.114	12.262	1.495	2.086
0.726726726727	1.115	12.263	1.496	2.086
0.727727727728	1.115	12.263	1.497	2.086
0.728728728729	1.116	12.273	1.497	2.087
0.72972972973	1.117	12.277	1.498	2.088
0.730730730731	1.118	12.278	1.498	2.089
0.731731731732	1.119	12.279	1.498	2.089
0.732732732733	1.119	12.281	1.499	2.091
0.733733733734	1.12	12.282	1.5	2.092
0.734734734735	1.122	12.286	1.501	2.092
0.735735735736	1.123	12.291	1.501	2.092
0.736736736737	1.123	12.292	1.501	2.093
0.737737737738	1.123	12.303	1.504	2.093
0.738738738739	1.124	12.303	1.505	2.094
0.73973973974	1.124	12.304	1.509	2.094
0.740740740741	1.124	12.305	1.509	2.095
0.741741741742	1.124	12.309	1.51	2.096
0.742742742743	1.126	12.31	1.51	2.096
0.743743743744	1.127	12.311	1.513	2.097
0.744744744745	1.128	12.311	1.513	2.098
0.745745745746	1.129	12.315	1.514	2.098
0.746746746747	1.13	12.318	1.515	2.1
0.747747747748	1.13	12.319	1.516	2.102
0.748748748749	1.131	12.321	1.516	2.102
0.74974974975	1.135	12.323	1.517	2.102
0.750750750751	1.136	12.331	1.517	2.103
0.751751751752	1.137	12.335	1.517	2.103
0.752752752753	1.139	12.344	1.518	2.104
0.753753753754	1.139	12.347	1.519	2.104
0.754754754755	1.139	12.351	1.52	2.104
0.755755755756	1.139	12.352	1.521	2.106
0.756756756757	1.139	12.355	1.521	2.108
0.757757757758	1.14	12.356	1.522	2.11
0.758758758759	1.14	12.356	1.523	2.111
0.75975975976	1.14	12.36	1.523	2.111
0.760760760761	1.14	12.361	1.524	2.112
0.761761761762	1.141	12.367	1.524	2.112
0.762762762763	1.141	12.37	1.524	2.113
0.763763763764	1.141	12.372	1.525	2.113
0.764764764765	1.142	12.374	1.527	2.113
0.765765765766	1.142	12.375	1.528	2.113
0.766766766767	1.144	12.387	1.528	2.113
0.767767767768	1.145	12.4	1.528	2.114
0.768768768769	1.146	12.4	1.529	2.114
0.76976976977	1.146	12.404	1.529	2.115
0.770770770771	1.147	12.406	1.53	2.116
0.771771771772	1.149	12.406	1.53	2.117
0.772772772773	1.152	12.41	1.531	2.118
0.773773773774	1.153	12.41	1.532	2.118
0.774774774775	1.153	12.412	1.532	2.119
0.775775775776	1.153	12.414	1.536	2.121
0.776776776777	1.155	12.415	1.537	2.122
0.777777777778	1.155	12.419	1.538	2.123
0.778778778779	1.158	12.425	1.539	2.123
0.77977977978	1.158	12.428	1.542	2.123
0.780780780781	1.159	12.43	1.542	2.124
0.781781781782	1.159	12.436	1.543	2.126
0.782782782783	1.16	12.438	1.543	2.126
0.783783783784	1.161	12.446	1.543	2.132
0.784784784785	1.162	12.457	1.546	2.134
0.785785785786	1.162	12.461	1.546	2.136
0.786786786787	1.162	12.463	1.547	2.136
0.787787787788	1.162	12.466	1.55	2.137
0.788788788789	1.163	12.475	1.55	2.137
0.78978978979	1.163	12.479	1.551	2.138
0.790790790791	1.164	12.479	1.552	2.139
0.791791791792	1.165	12.48	1.555	2.139
0.792792792793	1.166	12.48	1.555	2.14
0.793793793794	1.167	12.488	1.555	2.142
0.794794794795	1.169	12.492	1.557	2.143
0.795795795796	1.17	12.5	1.557	2.144
0.796796796797	1.171	12.502	1.559	2.146
0.797797797798	1.171	12.505	1.559	2.149
0.798798798799	1.173	12.507	1.56	2.149
0.7997997998	1.174	12.509	1.56	2.151
0.800800800801	1.176	12.51	1.561	2.151
0.801801801802	1.177	12.514	1.561	2.153
0.802802802803	1.177	12.514	1.566	2.154
0.803803803804	1.178	12.516	1.566	2.154
0.804804804805	1.178	12.517	1.566	2.154
0.805805805806	1.179	12.517	1.567	2.155
0.806806806807	1.18	12.521	1.568	2.155
0.807807807808	1.181	12.522	1.569	2.155
0.808808808809	1.185	12.525	1.573	2.157
0.80980980981	1.186	12.526	1.575	2.157
0.810810810811	1.189	12.536	1.577	2.158
0.811811811812	1.189	12.543	1.577	2.159
0.812812812813	1.195	12.553	1.579	2.161
0.813813813814	1.197	12.557	1.58	2.162
0.814814814815	1.197	12.559	1.582	2.162
0.815815815816	1.198	12.561	1.583	2.162
0.816816816817	1.2	12.573	1.583	2.162
0.817817817818	1.2	12.575	1.585	2.164
0.818818818819	1.201	12.576	1.59	2.164
0.81981981982	1.202	12.577	1.59	2.165
0.820820820821	1.204	12.582	1.591	2.166
0.821821821822	1.206	12.593	1.593	2.167
0.822822822823	1.206	12.597	1.596	2.167
0.823823823824	1.208	12.597	1.597	2.168
0.824824824825	1.209	12.602	1.598	2.169
0.825825825826	1.213	12.606	1.598	2.17
0.826826826827	1.217	12.606	1.599	2.171
0.827827827828	1.22	12.613	1.601	2.172
0.828828828829	1.226	12.615	1.604	2.174
0.82982982983	1.228	12.618	1.605	2.176
0.830830830831	1.228	12.618	1.605	2.176
0.831831831832	1.228	12.619	1.61	2.176
0.832832832833	1.23	12.619	1.61	2.177
0.833833833834	1.231	12.62	1.61	2.179
0.834834834835	1.233	12.632	1.613	2.18
0.835835835836	1.235	12.634	1.615	2.182
0.836836836837	1.236	12.636	1.616	2.184
0.837837837838	1.238	12.64	1.622	2.185
0.838838838839	1.24	12.653	1.623	2.186
0.83983983984	1.241	12.655	1.627	2.188
0.840840840841	1.241	12.655	1.629	2.189
0.841841841842	1.243	12.655	1.629	2.189
0.842842842843	1.244	12.656	1.633	2.19
0.843843843844	1.247	12.66	1.642	2.19
0.844844844845	1.248	12.664	1.644	2.193
0.845845845846	1.248	12.667	1.644	2.193
0.846846846847	1.25	12.671	1.651	2.195
0.847847847848	1.25	12.674	1.654	2.2
0.848848848849	1.254	12.678	1.654	2.2
0.84984984985	1.254	12.681	1.655	2.202
0.850850850851	1.257	12.683	1.657	2.203
0.851851851852	1.259	12.688	1.659	2.204
0.852852852853	1.259	12.689	1.66	2.205
0.853853853854	1.26	12.69	1.661	2.207
0.854854854855	1.262	12.701	1.664	2.207
0.855855855856	1.263	12.703	1.668	2.208
0.856856856857	1.27	12.704	1.669	2.209
0.857857857858	1.273	12.707	1.675	2.212
0.858858858859	1.276	12.708	1.691	2.215
0.85985985986	1.277	12.708	1.701	2.216
0.860860860861	1.281	12.71	1.714	2.217
0.861861861862	1.282	12.716	1.716	2.218
0.862862862863	1.283	12.716	1.717	2.218
0.863863863864	1.284	12.721	1.719	2.22
0.864864864865	1.286	12.722	1.719	2.221
0.865865865866	1.288	12.726	1.727	2.222
0.866866866867	1.289	12.73	1.732	2.231
0.867867867868	1.297	12.732	1.74	2.231
0.868868868869	1.299	12.735	1.752	2.231
0.86986986987	1.304	12.747	1.758	2.233
0.870870870871	1.311	12.751	1.76	2.234
0.871871871872	1.317	12.751	1.774	2.234
0.872872872873	1.318	12.756	1.78	2.241
0.873873873874	1.321	12.76	1.782	2.243
0.874874874875	1.325	12.761	1.786	2.247
0.875875875876	1.326	12.763	1.787	2.247
0.876876876877	1.327	12.773	1.797	2.249
0.877877877878	1.329	12.777	1.8	2.251
0.878878878879	1.335	12.779	1.801	2.251
0.87987987988	1.34	12.78	1.802	2.253
0.880880880881	1.345	12.783	1.804	2.255
0.881881881882	1.347	12.784	1.809	2.255
0.882882882883	1.348	12.786	1.809	2.257
0.883883883884	1.349	12.792	1.811	2.259
0.884884884885	1.351	12.792	1.815	2.26
0.885885885886	1.36	12.793	1.823	2.264
0.886886886887	1.376	12.795	1.825	2.268
0.887887887888	1.394	12.795	1.83	2.29
0.888888888889	1.394	12.799	1.831	2.294
0.88988988989	1.398	12.8	1.833	2.298
0.890890890891	1.4	12.804	1.838	2.3
0.891891891892	1.403	12.809	1.844	2.302
0.892892892893	1.403	12.81	1.846	2.322
0.893893893894	1.403	12.812	1.851	2.324
0.894894894895	1.408	12.823	1.852	2.328
0.895895895896	1.409	12.828	1.855	2.334
0.896896896897	1.409	12.839	1.862	2.337
0.897897897898	1.422	12.839	1.863	2.349
0.898898898899	1.424	12.84	1.863	2.363
0.8998998999	1.431	12.847	1.894	2.365
0.900900900901	1.436	12.849	1.896	2.366
0.901901901902	1.438	12.862	1.897	2.369
0.902902902903	1.438	12.869	1.9	2.372
0.903903903904	1.441	12.873	1.901	2.373
0.904904904905	1.443	12.883	1.902	2.381
0.905905905906	1.443	12.884	1.91	2.382
0.906906906907	1.45	12.902	1.91	2.393
0.907907907908	1.454	12.909	1.913	2.394
0.908908908909	1.455	12.943	1.916	2.397
0.90990990991	1.456	12.943	1.92	2.397
0.910910910911	1.457	12.946	1.928	2.404
0.911911911912	1.459	12.95	1.934	2.418
0.912912912913	1.463	12.954	1.942	2.419
0.913913913914	1.464	12.969	1.944	2.433
0.914914914915	1.469	12.972	1.951	2.439
0.915915915916	1.471	12.974	1.953	2.442
0.916916916917	1.471	12.975	1.954	2.443
0.917917917918	1.475	12.977	1.98	2.456
0.918918918919	1.476	12.988	1.983	2.459
0.91991991992	1.478	12.992	1.984	2.466
0.920920920921	1.48	12.996	2.001	2.467
0.921921921922	1.481	12.997	2.006	2.475
0.922922922923	1.482	13.003	2.013	2.481
0.923923923924	1.487	13.015	2.021	2.489
0.924924924925	1.49	13.037	2.036	2.498
0.925925925926	1.492	13.045	2.045	2.523
0.926926926927	1.493	13.048	2.048	2.539
0.927927927928	1.496	13.05	2.049	2.547
0.928928928929	1.5	13.062	2.07	2.551
0.92992992993	1.501	13.067	2.074	2.557
0.930930930931	1.504	13.081	2.079	2.579
0.931931931932	1.511	13.092	2.082	2.587
0.932932932933	1.514	13.111	2.087	2.59
0.933933933934	1.525	13.112	2.095	2.591
0.934934934935	1.526	13.12	2.097	2.629
0.935935935936	1.531	13.121	2.107	2.638
0.936936936937	1.532	13.133	2.107	2.661
0.937937937938	1.535	13.143	2.12	2.706
0.938938938939	1.541	13.15	2.121	2.725
0.93993993994	1.541	13.159	2.126	2.726
0.940940940941	1.552	13.165	2.127	2.733
0.941941941942	1.558	13.166	2.132	2.741
0.942942942943	1.564	13.201	2.132	2.753
0.943943943944	1.565	13.206	2.135	2.755
0.944944944945	1.572	13.213	2.158	2.816
0.945945945946	1.578	13.235	2.167	2.829
0.946946946947	1.581	13.237	2.167	2.831
0.947947947948	1.588	13.24	2.174	2.841
0.948948948949	1.6	13.244	2.185	2.852
0.94994994995	1.622	13.269	2.198	2.861
0.950950950951	1.645	13.271	2.206	2.877
0.951951951952	1.648	13.28	2.209	2.881
0.952952952953	1.648	13.293	2.209	2.913
0.953953953954	1.648	13.32	2.217	2.934
0.954954954955	1.651	13.37	2.219	2.942
0.955955955956	1.652	13.38	2.237	2.949
0.956956956957	1.659	13.415	2.262	2.962
0.957957957958	1.696	13.431	2.292	2.969
0.958958958959	1.748	13.431	2.298	2.991
0.95995995996	1.75	13.451	2.31	3.005
0.960960960961	1.758	13.472	2.326	3.014
0.961961961962	1.783	13.537	2.339	3.014
0.962962962963	1.784	13.541	2.373	3.025
0.963963963964	1.793	13.552	2.408	3.026
0.964964964965	1.821	13.569	2.413	3.034
0.965965965966	1.828	13.628	2.413	3.035
0.966966966967	1.832	13.659	2.435	3.071
0.967967967968	1.841	13.661	2.505	3.151
0.968968968969	1.842	13.712	2.535	3.165
0.96996996997	1.856	13.726	2.605	3.197
0.970970970971	1.857	13.767	2.709	3.292
0.971971971972	1.858	13.813	2.776	3.296
0.972972972973	1.858	13.868	2.81	3.337
0.973973973974	1.866	13.88	2.816	3.338
0.974974974975	1.947	13.987	2.832	3.387
0.975975975976	1.98	14.187	2.908	5.987
0.976976976977	1.98	14.434	2.981	6.465
0.977977977978	1.993	14.487	2.987	9.014
0.978978978979	1.996	15.177	2.994	9.37
0.97997997998	2.037	17.988	3.0	9.475
0.980980980981	2.086	18.156	3.096	9.55
0.981981981982	2.115	18.498	3.189	9.588
0.982982982983	2.142	21.214	3.358	9.646
0.983983983984	2.15	21.365	3.419	9.679
0.984984984985	2.174	21.592	4.506	9.689
0.985985985986	2.179	21.634	4.7	9.736
0.986986986987	2.187	22.011	8.966	9.792
0.987987987988	2.25	22.435	9.017	9.892
0.988988988989	2.309	22.51	9.02	9.915
0.98998998999	2.649	23.0	9.051	9.958
0.990990990991	2.66	23.017	9.074	10.089
0.991991991992	2.681	23.566	9.082	10.113
0.992992992993	2.686	23.844	9.582	10.161
0.993993993994	2.789	25.178	9.614	10.187
0.994994994995	2.857	26.499	9.67	10.452
0.995995995996	3.118	27.25	9.787	10.493
0.996996996997	3.236	27.569	9.809	10.513
0.997997997998	3.414	29.536	10.195	10.661
0.998998998999	3.941	30.453	10.231	10.781
1.0	8.997	38.5	13.202	11.013
