0.010101010101	0.868	0.822	0.802	0.889
0.020202020202	0.908	0.876	0.831	0.919
0.030303030303	0.921	0.901	0.867	0.923
0.040404040404	0.937	0.936	0.878	0.924
0.0505050505051	0.957	0.947	0.885	0.979
0.0606060606061	0.958	0.967	0.894	0.983
0.0707070707071	0.968	0.967	0.908	0.995
0.0808080808081	0.968	0.975	0.92	0.996
0.0909090909091	0.973	0.993	0.953	1.0
0.10101010101	0.988	0.996	0.964	1.004
0.111111111111	0.992	1.011	0.964	1.041
0.121212121212	0.992	1.015	0.971	1.088
0.131313131313	0.995	1.032	0.972	1.104
0.141414141414	1.005	1.037	0.974	1.117
0.151515151515	1.015	1.072	1.0	1.131
0.161616161616	1.018	1.085	1.003	1.134
0.171717171717	1.022	1.12	1.006	1.151
0.181818181818	1.034	1.13	1.006	1.183
0.191919191919	1.036	1.142	1.007	1.222
0.20202020202	1.037	1.15	1.011	1.23
0.212121212121	1.053	1.162	1.027	1.231
0.222222222222	1.092	1.197	1.062	1.231
0.232323232323	1.102	1.226	1.104	1.241
0.242424242424	1.105	1.229	1.109	1.241
0.252525252525	1.131	1.238	1.115	1.25
0.262626262626	1.141	1.248	1.141	1.251
0.272727272727	1.164	1.25	1.228	1.255
0.282828282828	1.196	1.257	1.229	1.261
0.292929292929	1.201	1.259	1.23	1.263
0.30303030303	1.225	1.261	1.23	1.267
0.313131313131	1.227	1.264	1.231	1.268
0.323232323232	1.239	1.268	1.231	1.268
0.333333333333	1.239	1.275	1.234	1.272
0.343434343434	1.239	1.276	1.24	1.272
0.353535353535	1.25	1.278	1.242	1.273
0.363636363636	1.263	1.282	1.246	1.274
0.373737373737	1.265	1.285	1.253	1.28
0.383838383838	1.275	1.289	1.255	1.282
0.393939393939	1.276	1.293	1.256	1.282
0.40404040404	1.283	1.296	1.258	1.288
0.414141414141	1.289	1.297	1.261	1.301
0.424242424242	1.29	1.299	1.264	1.302
0.434343434343	1.306	1.301	1.268	1.306
0.444444444444	1.316	1.304	1.269	1.307
0.454545454545	1.316	1.312	1.27	1.326
0.464646464646	1.321	1.313	1.276	1.331
0.474747474747	1.321	1.323	1.277	1.336
0.484848484848	1.321	1.325	1.278	1.34
0.494949494949	1.321	1.326	1.281	1.341
0.505050505051	1.327	1.329	1.283	1.341
0.515151515152	1.331	1.33	1.287	1.342
0.525252525253	1.331	1.333	1.29	1.342
0.535353535354	1.332	1.337	1.29	1.348
0.545454545455	1.332	1.339	1.3	1.35
0.555555555556	1.336	1.342	1.305	1.365
0.565656565657	1.336	1.347	1.308	1.369
0.575757575758	1.339	1.354	1.308	1.373
0.585858585859	1.341	1.355	1.309	1.374
0.59595959596	1.345	1.355	1.315	1.383
0.606060606061	1.345	1.357	1.335	1.389
0.616161616162	1.347	1.364	1.349	1.395
0.626262626263	1.347	1.364	1.355	1.405
0.636363636364	1.349	1.365	1.378	1.411
0.646464646465	1.354	1.368	1.379	1.416
0.656565656566	1.36	1.37	1.382	1.416
0.666666666667	1.361	1.373	1.386	1.416
0.676767676768	1.369	1.374	1.396	1.42
0.686868686869	1.379	1.375	1.413	1.42
0.69696969697	1.382	1.376	1.418	1.42
0.707070707071	1.394	1.377	1.429	1.42
0.717171717172	1.394	1.384	1.431	1.42
0.727272727273	1.403	1.39	1.432	1.421
0.737373737374	1.406	1.391	1.432	1.421
0.747474747475	1.406	1.393	1.433	1.427
0.757575757576	1.407	1.404	1.433	1.428
0.767676767677	1.417	1.407	1.433	1.43
0.777777777778	1.42	1.419	1.435	1.433
0.787878787879	1.421	1.42	1.437	1.434
0.79797979798	1.423	1.42	1.439	1.436
0.808080808081	1.425	1.424	1.441	1.436
0.818181818182	1.426	1.424	1.444	1.439
0.828282828283	1.426	1.447	1.446	1.439
0.838383838384	1.428	1.456	1.446	1.457
0.848484848485	1.432	1.457	1.453	1.459
0.858585858586	1.433	1.459	1.465	1.459
0.868686868687	1.433	1.466	1.47	1.465
0.878787878788	1.437	1.466	1.471	1.466
0.888888888889	1.438	1.469	1.472	1.468
0.89898989899	1.44	1.471	1.475	1.472
0.909090909091	1.442	1.472	1.483	1.478
0.919191919192	1.462	1.472	1.496	1.486
0.929292929293	1.476	1.476	1.525	1.507
0.939393939394	1.505	1.478	1.527	1.51
0.949494949495	1.51	1.506	1.531	1.525
0.959595959596	1.534	1.549	1.531	1.53
0.969696969697	1.539	1.632	1.603	1.533
0.979797979798	1.804	1.802	1.603	9.104
0.989898989899	1.97	8.563	1.606	9.33
1.0	3.004	25.837	13.128	9.667
