0.001	0.561	0.375	0.224	0.223
0.002	0.567	0.398	0.226	0.23
0.003	0.574	0.674	0.236	0.231
0.004	0.578	0.692	0.244	0.232
0.005	0.585	0.71	0.249	0.234
0.006	0.612	0.712	0.25	0.235
0.007	0.614	0.722	0.252	0.236
0.008	0.632	0.723	0.259	0.239
0.009	0.633	0.735	0.26	0.241
0.01	0.643	0.743	0.266	0.242
0.011	0.649	0.743	0.292	0.244
0.012	0.676	0.75	0.293	0.245
0.013	0.678	0.752	0.295	0.246
0.014	0.681	0.753	0.298	0.247
0.015	0.687	0.76	0.312	0.248
0.016	0.692	0.768	0.312	0.25
0.017	0.702	0.795	0.312	0.252
0.018	0.703	0.798	0.312	0.252
0.019	0.705	0.808	0.315	0.253
0.02	0.706	0.811	0.323	0.253
0.021	0.707	0.832	0.326	0.253
0.022	0.723	0.834	0.334	0.255
0.023	0.728	0.835	0.337	0.256
0.024	0.738	0.838	0.338	0.256
0.025	0.743	0.841	0.34	0.256
0.026	0.744	0.841	0.34	0.256
0.027	0.745	0.854	0.345	0.256
0.028	0.752	0.867	0.348	0.257
0.029	0.753	0.867	0.349	0.257
0.03	0.755	0.868	0.349	0.257
0.031	0.756	0.869	0.351	0.257
0.032	0.757	0.869	0.367	0.257
0.033	0.769	0.879	0.388	0.257
0.034	0.79	0.881	0.4	0.258
0.035	0.798	0.886	0.415	0.258
0.036	0.818	0.887	0.415	0.258
0.037	0.827	0.888	0.429	0.258
0.038	0.834	0.891	0.436	0.258
0.039	0.84	0.898	0.456	0.259
0.04	0.848	0.906	0.471	0.259
0.041	0.878	0.909	0.495	0.259
0.042	0.891	0.913	0.534	0.259
0.043	0.904	0.917	0.534	0.259
0.044	0.906	0.917	0.544	0.259
0.045	0.908	0.92	0.546	0.259
0.046	0.912	0.924	0.554	0.259
0.047	0.913	0.927	0.555	0.259
0.048	0.918	0.931	0.555	0.26
0.049	0.92	0.931	0.557	0.26
0.05	0.921	0.939	0.563	0.26
0.051	0.922	0.945	0.564	0.26
0.052	0.923	0.952	0.564	0.26
0.053	0.923	0.953	0.565	0.26
0.054	0.923	0.955	0.566	0.261
0.055	0.924	0.966	0.572	0.261
0.056	0.928	0.968	0.576	0.261
0.057	0.928	0.977	0.577	0.261
0.058	0.93	0.981	0.577	0.261
0.059	0.931	0.988	0.578	0.261
0.06	0.931	0.991	0.578	0.261
0.061	0.932	1.031	0.578	0.261
0.062	0.932	1.036	0.579	0.261
0.063	0.934	1.056	0.579	0.261
0.064	0.935	1.06	0.582	0.261
0.065	0.935	1.071	0.583	0.261
0.066	0.936	1.072	0.583	0.262
0.067	0.936	1.073	0.583	0.262
0.068	0.937	1.076	0.584	0.262
0.069	0.937	1.078	0.587	0.262
0.07	0.937	1.078	0.588	0.262
0.071	0.938	1.083	0.588	0.262
0.072	0.939	1.083	0.589	0.262
0.073	0.939	1.084	0.59	0.262
0.074	0.94	1.084	0.59	0.262
0.075	0.941	1.088	0.59	0.262
0.076	0.942	1.091	0.591	0.263
0.077	0.942	1.092	0.593	0.263
0.078	0.943	1.092	0.593	0.263
0.079	0.946	1.095	0.594	0.263
0.08	0.946	1.097	0.594	0.263
0.081	0.951	1.097	0.594	0.263
0.082	0.952	1.1	0.595	0.263
0.083	0.952	1.101	0.596	0.263
0.084	0.953	1.105	0.596	0.263
0.085	0.954	1.106	0.596	0.263
0.086	0.954	1.108	0.597	0.263
0.087	0.954	1.109	0.598	0.263
0.088	0.957	1.112	0.599	0.263
0.089	0.957	1.114	0.599	0.263
0.09	0.958	1.115	0.599	0.264
0.091	0.959	1.117	0.599	0.264
0.092	0.959	1.118	0.599	0.264
0.093	0.959	1.121	0.6	0.264
0.094	0.96	1.123	0.6	0.264
0.095	0.961	1.123	0.6	0.264
0.096	0.961	1.124	0.6	0.264
0.097	0.961	1.124	0.6	0.264
0.098	0.962	1.125	0.601	0.264
0.099	0.962	1.128	0.601	0.264
0.1	0.962	1.128	0.601	0.264
0.101	0.962	1.129	0.602	0.264
0.102	0.962	1.13	0.602	0.264
0.103	0.963	1.13	0.602	0.264
0.104	0.963	1.131	0.602	0.264
0.105	0.963	1.133	0.603	0.264
0.106	0.963	1.133	0.603	0.264
0.107	0.963	1.135	0.605	0.264
0.108	0.964	1.136	0.606	0.265
0.109	0.965	1.137	0.607	0.265
0.11	0.965	1.14	0.607	0.265
0.111	0.966	1.142	0.607	0.265
0.112	0.966	1.147	0.608	0.265
0.113	0.966	1.147	0.609	0.265
0.114	0.967	1.148	0.609	0.265
0.115	0.969	1.148	0.609	0.265
0.116	0.97	1.149	0.609	0.265
0.117	0.97	1.149	0.61	0.265
0.118	0.97	1.15	0.61	0.265
0.119	0.97	1.151	0.61	0.265
0.12	0.971	1.152	0.611	0.265
0.121	0.972	1.153	0.611	0.265
0.122	0.972	1.153	0.612	0.265
0.123	0.973	1.153	0.613	0.265
0.124	0.973	1.155	0.613	0.265
0.125	0.973	1.157	0.614	0.266
0.126	0.973	1.158	0.614	0.266
0.127	0.974	1.159	0.615	0.266
0.128	0.975	1.159	0.615	0.266
0.129	0.977	1.16	0.615	0.266
0.13	0.977	1.161	0.616	0.266
0.131	0.977	1.161	0.616	0.266
0.132	0.978	1.164	0.616	0.266
0.133	0.978	1.164	0.616	0.266
0.134	0.978	1.164	0.616	0.266
0.135	0.979	1.164	0.617	0.266
0.136	0.979	1.167	0.617	0.267
0.137	0.979	1.168	0.618	0.267
0.138	0.979	1.17	0.618	0.267
0.139	0.98	1.17	0.618	0.267
0.14	0.98	1.172	0.619	0.267
0.141	0.98	1.175	0.619	0.267
0.142	0.981	1.176	0.619	0.267
0.143	0.982	1.176	0.62	0.267
0.144	0.982	1.176	0.62	0.267
0.145	0.982	1.177	0.621	0.267
0.146	0.983	1.177	0.621	0.268
0.147	0.983	1.177	0.622	0.268
0.148	0.984	1.177	0.622	0.268
0.149	0.984	1.177	0.622	0.268
0.15	0.985	1.178	0.622	0.268
0.151	0.985	1.178	0.623	0.268
0.152	0.985	1.178	0.623	0.268
0.153	0.986	1.18	0.624	0.268
0.154	0.986	1.182	0.624	0.268
0.155	0.986	1.182	0.624	0.268
0.156	0.987	1.182	0.625	0.268
0.157	0.987	1.182	0.625	0.268
0.158	0.987	1.184	0.625	0.268
0.159	0.988	1.185	0.626	0.268
0.16	0.988	1.186	0.626	0.268
0.161	0.988	1.186	0.626	0.269
0.162	0.988	1.187	0.626	0.269
0.163	0.988	1.188	0.626	0.269
0.164	0.989	1.188	0.626	0.269
0.165	0.989	1.189	0.626	0.269
0.166	0.99	1.189	0.626	0.269
0.167	0.99	1.19	0.626	0.269
0.168	0.99	1.19	0.627	0.269
0.169	0.991	1.191	0.627	0.269
0.17	0.991	1.191	0.627	0.269
0.171	0.992	1.191	0.628	0.269
0.172	0.992	1.191	0.628	0.269
0.173	0.992	1.193	0.629	0.269
0.174	0.993	1.194	0.629	0.269
0.175	0.993	1.194	0.629	0.269
0.176	0.993	1.195	0.629	0.269
0.177	0.993	1.195	0.63	0.269
0.178	0.993	1.195	0.63	0.269
0.179	0.993	1.195	0.63	0.269
0.18	0.994	1.195	0.63	0.269
0.181	0.994	1.196	0.63	0.269
0.182	0.994	1.196	0.632	0.269
0.183	0.994	1.199	0.632	0.269
0.184	0.994	1.199	0.633	0.269
0.185	0.994	1.2	0.633	0.269
0.186	0.995	1.2	0.633	0.269
0.187	0.995	1.2	0.633	0.269
0.188	0.996	1.2	0.634	0.27
0.189	0.996	1.201	0.634	0.27
0.19	0.996	1.201	0.634	0.27
0.191	0.997	1.202	0.634	0.27
0.192	0.998	1.202	0.635	0.27
0.193	0.999	1.202	0.635	0.27
0.194	1.0	1.202	0.635	0.271
0.195	1.001	1.203	0.635	0.271
0.196	1.001	1.203	0.636	0.271
0.197	1.001	1.203	0.636	0.271
0.198	1.001	1.204	0.637	0.271
0.199	1.001	1.204	0.637	0.271
0.2	1.001	1.204	0.638	0.271
0.201	1.002	1.205	0.638	0.271
0.202	1.002	1.205	0.639	0.271
0.203	1.003	1.206	0.639	0.271
0.204	1.004	1.207	0.639	0.271
0.205	1.004	1.21	0.639	0.271
0.206	1.004	1.21	0.639	0.271
0.207	1.004	1.211	0.64	0.271
0.208	1.004	1.211	0.64	0.271
0.209	1.005	1.211	0.64	0.271
0.21	1.005	1.212	0.641	0.271
0.211	1.006	1.213	0.641	0.271
0.212	1.006	1.213	0.641	0.272
0.213	1.006	1.213	0.641	0.272
0.214	1.007	1.213	0.641	0.272
0.215	1.007	1.214	0.641	0.272
0.216	1.007	1.216	0.642	0.272
0.217	1.008	1.216	0.643	0.272
0.218	1.008	1.216	0.643	0.272
0.219	1.009	1.216	0.643	0.272
0.22	1.009	1.217	0.643	0.272
0.221	1.01	1.217	0.643	0.272
0.222	1.01	1.218	0.643	0.272
0.223	1.011	1.218	0.644	0.272
0.224	1.011	1.218	0.644	0.272
0.225	1.011	1.219	0.644	0.272
0.226	1.012	1.219	0.645	0.272
0.227	1.012	1.219	0.645	0.272
0.228	1.012	1.22	0.645	0.272
0.229	1.013	1.22	0.645	0.272
0.23	1.013	1.221	0.645	0.272
0.231	1.013	1.221	0.645	0.272
0.232	1.014	1.222	0.645	0.273
0.233	1.014	1.222	0.646	0.273
0.234	1.014	1.223	0.646	0.273
0.235	1.014	1.224	0.646	0.273
0.236	1.014	1.225	0.646	0.273
0.237	1.015	1.225	0.646	0.273
0.238	1.015	1.225	0.646	0.273
0.239	1.015	1.225	0.647	0.273
0.24	1.015	1.225	0.647	0.273
0.241	1.016	1.226	0.647	0.273
0.242	1.016	1.226	0.647	0.273
0.243	1.016	1.227	0.647	0.273
0.244	1.016	1.227	0.647	0.274
0.245	1.016	1.228	0.647	0.274
0.246	1.017	1.228	0.647	0.274
0.247	1.017	1.228	0.648	0.274
0.248	1.017	1.228	0.648	0.274
0.249	1.018	1.228	0.648	0.274
0.25	1.018	1.228	0.648	0.274
0.251	1.018	1.229	0.648	0.274
0.252	1.019	1.229	0.648	0.274
0.253	1.02	1.229	0.648	0.274
0.254	1.02	1.229	0.648	0.274
0.255	1.021	1.23	0.648	0.274
0.256	1.021	1.23	0.649	0.274
0.257	1.021	1.231	0.649	0.274
0.258	1.021	1.232	0.649	0.275
0.259	1.021	1.232	0.649	0.275
0.26	1.022	1.232	0.649	0.275
0.261	1.022	1.232	0.65	0.275
0.262	1.022	1.232	0.65	0.275
0.263	1.023	1.233	0.65	0.275
0.264	1.023	1.233	0.65	0.275
0.265	1.024	1.234	0.651	0.275
0.266	1.024	1.234	0.651	0.275
0.267	1.025	1.234	0.651	0.275
0.268	1.025	1.236	0.651	0.275
0.269	1.025	1.236	0.651	0.275
0.27	1.025	1.237	0.651	0.275
0.271	1.026	1.238	0.651	0.275
0.272	1.026	1.238	0.651	0.275
0.273	1.027	1.238	0.652	0.275
0.274	1.027	1.239	0.652	0.275
0.275	1.028	1.239	0.652	0.275
0.276	1.028	1.239	0.652	0.276
0.277	1.028	1.239	0.653	0.276
0.278	1.028	1.24	0.653	0.276
0.279	1.029	1.241	0.653	0.276
0.28	1.029	1.241	0.653	0.276
0.281	1.029	1.241	0.653	0.276
0.282	1.029	1.243	0.653	0.276
0.283	1.029	1.243	0.653	0.276
0.284	1.03	1.244	0.653	0.276
0.285	1.03	1.245	0.654	0.276
0.286	1.03	1.247	0.654	0.276
0.287	1.03	1.248	0.654	0.276
0.288	1.03	1.248	0.654	0.276
0.289	1.03	1.249	0.654	0.276
0.29	1.031	1.249	0.654	0.276
0.291	1.031	1.25	0.655	0.276
0.292	1.031	1.25	0.655	0.276
0.293	1.032	1.251	0.655	0.277
0.294	1.032	1.252	0.655	0.277
0.295	1.032	1.252	0.655	0.277
0.296	1.032	1.253	0.655	0.277
0.297	1.032	1.253	0.655	0.277
0.298	1.033	1.254	0.655	0.277
0.299	1.033	1.254	0.656	0.277
0.3	1.033	1.254	0.656	0.277
0.301	1.033	1.255	0.656	0.277
0.302	1.033	1.257	0.657	0.277
0.303	1.034	1.257	0.658	0.277
0.304	1.034	1.258	0.658	0.277
0.305	1.035	1.258	0.658	0.277
0.306	1.036	1.259	0.658	0.277
0.307	1.037	1.259	0.658	0.277
0.308	1.037	1.259	0.659	0.277
0.309	1.037	1.26	0.659	0.277
0.31	1.037	1.26	0.659	0.277
0.311	1.037	1.261	0.659	0.277
0.312	1.038	1.261	0.659	0.278
0.313	1.038	1.261	0.659	0.278
0.314	1.039	1.263	0.66	0.278
0.315	1.039	1.263	0.66	0.278
0.316	1.039	1.264	0.661	0.278
0.317	1.039	1.264	0.661	0.278
0.318	1.039	1.264	0.661	0.278
0.319	1.039	1.265	0.661	0.278
0.32	1.039	1.265	0.661	0.278
0.321	1.04	1.265	0.662	0.278
0.322	1.04	1.265	0.662	0.278
0.323	1.04	1.267	0.662	0.278
0.324	1.04	1.267	0.662	0.278
0.325	1.04	1.268	0.662	0.278
0.326	1.04	1.268	0.662	0.278
0.327	1.04	1.268	0.663	0.278
0.328	1.04	1.269	0.663	0.278
0.329	1.04	1.269	0.663	0.278
0.33	1.041	1.27	0.663	0.279
0.331	1.041	1.27	0.663	0.279
0.332	1.042	1.272	0.663	0.279
0.333	1.042	1.272	0.664	0.279
0.334	1.042	1.272	0.664	0.279
0.335	1.042	1.273	0.664	0.279
0.336	1.043	1.273	0.664	0.279
0.337	1.043	1.273	0.665	0.279
0.338	1.043	1.273	0.665	0.279
0.339	1.044	1.273	0.665	0.279
0.34	1.044	1.274	0.665	0.279
0.341	1.044	1.274	0.665	0.279
0.342	1.044	1.274	0.666	0.279
0.343	1.044	1.275	0.666	0.28
0.344	1.044	1.276	0.666	0.28
0.345	1.045	1.276	0.666	0.28
0.346	1.046	1.276	0.666	0.28
0.347	1.046	1.276	0.666	0.28
0.348	1.047	1.276	0.666	0.28
0.349	1.047	1.277	0.666	0.28
0.35	1.048	1.277	0.667	0.28
0.351	1.049	1.278	0.667	0.28
0.352	1.049	1.279	0.668	0.28
0.353	1.049	1.281	0.668	0.28
0.354	1.049	1.281	0.668	0.28
0.355	1.05	1.281	0.668	0.28
0.356	1.05	1.281	0.668	0.281
0.357	1.05	1.281	0.668	0.281
0.358	1.051	1.282	0.669	0.281
0.359	1.051	1.283	0.669	0.281
0.36	1.052	1.284	0.669	0.281
0.361	1.052	1.284	0.669	0.281
0.362	1.052	1.284	0.669	0.281
0.363	1.053	1.285	0.67	0.281
0.364	1.053	1.286	0.67	0.281
0.365	1.053	1.287	0.67	0.281
0.366	1.054	1.288	0.67	0.281
0.367	1.054	1.288	0.67	0.281
0.368	1.054	1.289	0.67	0.281
0.369	1.054	1.29	0.67	0.281
0.37	1.054	1.29	0.671	0.281
0.371	1.055	1.29	0.671	0.281
0.372	1.055	1.29	0.671	0.281
0.373	1.055	1.29	0.671	0.282
0.374	1.055	1.292	0.671	0.282
0.375	1.055	1.292	0.671	0.282
0.376	1.055	1.292	0.671	0.282
0.377	1.056	1.293	0.671	0.282
0.378	1.056	1.293	0.672	0.282
0.379	1.057	1.293	0.672	0.282
0.38	1.057	1.293	0.673	0.282
0.381	1.058	1.294	0.673	0.282
0.382	1.058	1.295	0.673	0.282
0.383	1.059	1.295	0.673	0.282
0.384	1.06	1.295	0.673	0.283
0.385	1.06	1.295	0.673	0.283
0.386	1.06	1.295	0.673	0.283
0.387	1.06	1.296	0.674	0.283
0.388	1.06	1.296	0.674	0.283
0.389	1.061	1.296	0.675	0.283
0.39	1.061	1.296	0.675	0.283
0.391	1.061	1.297	0.675	0.283
0.392	1.062	1.297	0.675	0.283
0.393	1.062	1.297	0.675	0.283
0.394	1.062	1.297	0.676	0.284
0.395	1.062	1.298	0.676	0.284
0.396	1.063	1.298	0.676	0.284
0.397	1.063	1.298	0.676	0.284
0.398	1.063	1.299	0.676	0.284
0.399	1.064	1.3	0.676	0.284
0.4	1.065	1.3	0.676	0.284
0.401	1.065	1.3	0.676	0.284
0.402	1.065	1.301	0.677	0.284
0.403	1.066	1.301	0.677	0.284
0.404	1.067	1.302	0.677	0.284
0.405	1.067	1.302	0.678	0.284
0.406	1.068	1.303	0.678	0.284
0.407	1.068	1.303	0.678	0.285
0.408	1.068	1.304	0.679	0.285
0.409	1.068	1.304	0.679	0.285
0.41	1.068	1.304	0.679	0.285
0.411	1.069	1.305	0.679	0.286
0.412	1.07	1.305	0.679	0.286
0.413	1.07	1.305	0.679	0.286
0.414	1.07	1.305	0.68	0.286
0.415	1.07	1.305	0.68	0.286
0.416	1.071	1.306	0.68	0.286
0.417	1.071	1.306	0.68	0.287
0.418	1.072	1.306	0.68	0.287
0.419	1.072	1.307	0.68	0.287
0.42	1.072	1.307	0.681	0.287
0.421	1.072	1.308	0.682	0.287
0.422	1.073	1.308	0.682	0.287
0.423	1.073	1.309	0.682	0.287
0.424	1.074	1.309	0.682	0.287
0.425	1.074	1.309	0.683	0.287
0.426	1.075	1.31	0.683	0.288
0.427	1.076	1.31	0.683	0.288
0.428	1.076	1.311	0.683	0.288
0.429	1.076	1.312	0.683	0.288
0.43	1.076	1.313	0.684	0.288
0.431	1.076	1.313	0.684	0.288
0.432	1.077	1.313	0.684	0.288
0.433	1.077	1.313	0.685	0.288
0.434	1.078	1.314	0.685	0.288
0.435	1.078	1.314	0.685	0.288
0.436	1.078	1.314	0.685	0.289
0.437	1.078	1.315	0.685	0.289
0.438	1.078	1.316	0.685	0.289
0.439	1.079	1.316	0.686	0.289
0.44	1.079	1.316	0.687	0.289
0.441	1.079	1.316	0.687	0.289
0.442	1.08	1.316	0.687	0.289
0.443	1.08	1.316	0.687	0.289
0.444	1.08	1.317	0.688	0.289
0.445	1.08	1.319	0.688	0.289
0.446	1.081	1.319	0.689	0.289
0.447	1.081	1.319	0.689	0.29
0.448	1.081	1.319	0.689	0.29
0.449	1.081	1.32	0.689	0.29
0.45	1.081	1.32	0.69	0.29
0.451	1.081	1.321	0.69	0.29
0.452	1.083	1.321	0.69	0.29
0.453	1.083	1.321	0.69	0.29
0.454	1.083	1.321	0.69	0.29
0.455	1.083	1.321	0.691	0.29
0.456	1.085	1.321	0.692	0.29
0.457	1.085	1.322	0.692	0.29
0.458	1.085	1.323	0.692	0.29
0.459	1.085	1.323	0.692	0.291
0.46	1.086	1.323	0.692	0.291
0.461	1.086	1.323	0.692	0.291
0.462	1.086	1.324	0.692	0.291
0.463	1.087	1.325	0.693	0.291
0.464	1.087	1.325	0.693	0.291
0.465	1.087	1.325	0.693	0.291
0.466	1.087	1.326	0.693	0.291
0.467	1.087	1.326	0.694	0.291
0.468	1.088	1.327	0.694	0.291
0.469	1.088	1.327	0.694	0.292
0.47	1.088	1.328	0.694	0.292
0.471	1.089	1.329	0.694	0.292
0.472	1.09	1.329	0.695	0.292
0.473	1.09	1.329	0.695	0.292
0.474	1.09	1.331	0.695	0.293
0.475	1.09	1.331	0.696	0.293
0.476	1.09	1.332	0.696	0.294
0.477	1.09	1.332	0.697	0.294
0.478	1.09	1.332	0.697	0.294
0.479	1.09	1.334	0.697	0.294
0.48	1.091	1.334	0.697	0.294
0.481	1.091	1.334	0.698	0.294
0.482	1.091	1.335	0.698	0.295
0.483	1.091	1.335	0.699	0.295
0.484	1.091	1.335	0.699	0.295
0.485	1.091	1.336	0.699	0.295
0.486	1.091	1.338	0.699	0.295
0.487	1.091	1.338	0.7	0.296
0.488	1.092	1.338	0.7	0.296
0.489	1.092	1.339	0.7	0.296
0.49	1.093	1.34	0.7	0.296
0.491	1.093	1.341	0.7	0.296
0.492	1.093	1.341	0.701	0.296
0.493	1.093	1.341	0.702	0.296
0.494	1.094	1.341	0.702	0.296
0.495	1.094	1.343	0.703	0.296
0.496	1.094	1.343	0.703	0.296
0.497	1.095	1.344	0.703	0.296
0.498	1.095	1.344	0.703	0.297
0.499	1.095	1.345	0.703	0.297
0.5	1.096	1.345	0.704	0.297
0.501	1.096	1.347	0.704	0.297
0.502	1.096	1.347	0.704	0.297
0.503	1.096	1.347	0.705	0.298
0.504	1.096	1.348	0.705	0.298
0.505	1.097	1.349	0.705	0.298
0.506	1.097	1.35	0.705	0.298
0.507	1.097	1.351	0.707	0.298
0.508	1.098	1.352	0.708	0.299
0.509	1.099	1.352	0.708	0.299
0.51	1.099	1.354	0.708	0.299
0.511	1.099	1.354	0.708	0.299
0.512	1.1	1.355	0.709	0.299
0.513	1.1	1.355	0.71	0.299
0.514	1.1	1.355	0.71	0.3
0.515	1.101	1.356	0.71	0.301
0.516	1.101	1.356	0.71	0.301
0.517	1.102	1.357	0.71	0.301
0.518	1.102	1.357	0.711	0.302
0.519	1.102	1.357	0.711	0.302
0.52	1.102	1.358	0.711	0.302
0.521	1.103	1.359	0.712	0.302
0.522	1.103	1.359	0.713	0.302
0.523	1.103	1.359	0.713	0.303
0.524	1.104	1.359	0.713	0.303
0.525	1.104	1.36	0.714	0.303
0.526	1.104	1.36	0.714	0.304
0.527	1.104	1.36	0.714	0.304
0.528	1.105	1.361	0.714	0.305
0.529	1.105	1.361	0.714	0.305
0.53	1.105	1.362	0.714	0.305
0.531	1.106	1.363	0.716	0.306
0.532	1.107	1.363	0.716	0.306
0.533	1.107	1.363	0.717	0.306
0.534	1.107	1.363	0.717	0.306
0.535	1.108	1.364	0.717	0.306
0.536	1.108	1.365	0.717	0.307
0.537	1.108	1.367	0.718	0.307
0.538	1.109	1.368	0.718	0.307
0.539	1.109	1.369	0.718	0.307
0.54	1.109	1.37	0.718	0.307
0.541	1.11	1.371	0.719	0.307
0.542	1.11	1.371	0.719	0.307
0.543	1.11	1.373	0.719	0.308
0.544	1.11	1.373	0.719	0.31
0.545	1.11	1.373	0.719	0.31
0.546	1.11	1.374	0.72	0.31
0.547	1.11	1.374	0.721	0.31
0.548	1.111	1.375	0.722	0.31
0.549	1.111	1.375	0.722	0.311
0.55	1.111	1.375	0.722	0.311
0.551	1.112	1.375	0.722	0.311
0.552	1.112	1.375	0.723	0.311
0.553	1.112	1.376	0.723	0.311
0.554	1.113	1.377	0.723	0.312
0.555	1.113	1.377	0.723	0.312
0.556	1.114	1.378	0.723	0.312
0.557	1.115	1.378	0.725	0.312
0.558	1.115	1.379	0.725	0.313
0.559	1.115	1.379	0.725	0.313
0.56	1.116	1.379	0.726	0.314
0.561	1.116	1.38	0.726	0.314
0.562	1.116	1.38	0.726	0.315
0.563	1.117	1.38	0.727	0.315
0.564	1.117	1.38	0.727	0.315
0.565	1.117	1.38	0.727	0.316
0.566	1.117	1.38	0.728	0.316
0.567	1.117	1.381	0.728	0.316
0.568	1.119	1.381	0.728	0.317
0.569	1.119	1.381	0.728	0.317
0.57	1.119	1.381	0.729	0.317
0.571	1.12	1.382	0.729	0.318
0.572	1.121	1.382	0.73	0.318
0.573	1.122	1.383	0.731	0.319
0.574	1.122	1.385	0.731	0.319
0.575	1.122	1.386	0.732	0.32
0.576	1.123	1.387	0.732	0.32
0.577	1.125	1.388	0.732	0.32
0.578	1.126	1.388	0.733	0.32
0.579	1.126	1.388	0.733	0.32
0.58	1.126	1.389	0.733	0.32
0.581	1.126	1.389	0.734	0.32
0.582	1.127	1.39	0.734	0.321
0.583	1.127	1.39	0.734	0.321
0.584	1.127	1.392	0.734	0.322
0.585	1.127	1.392	0.735	0.323
0.586	1.128	1.395	0.735	0.323
0.587	1.128	1.397	0.735	0.324
0.588	1.128	1.398	0.735	0.324
0.589	1.128	1.399	0.736	0.324
0.59	1.129	1.399	0.736	0.324
0.591	1.13	1.4	0.736	0.324
0.592	1.131	1.401	0.737	0.325
0.593	1.131	1.401	0.737	0.325
0.594	1.131	1.402	0.738	0.325
0.595	1.131	1.404	0.738	0.325
0.596	1.131	1.404	0.739	0.326
0.597	1.132	1.405	0.739	0.326
0.598	1.132	1.406	0.739	0.326
0.599	1.132	1.406	0.739	0.327
0.6	1.132	1.406	0.739	0.327
0.601	1.132	1.407	0.74	0.327
0.602	1.133	1.408	0.741	0.328
0.603	1.134	1.409	0.741	0.329
0.604	1.134	1.409	0.741	0.329
0.605	1.134	1.409	0.741	0.329
0.606	1.135	1.409	0.741	0.33
0.607	1.136	1.41	0.742	0.33
0.608	1.136	1.411	0.743	0.33
0.609	1.136	1.411	0.743	0.332
0.61	1.136	1.412	0.744	0.332
0.611	1.136	1.414	0.745	0.332
0.612	1.137	1.415	0.745	0.333
0.613	1.137	1.417	0.745	0.334
0.614	1.138	1.417	0.745	0.335
0.615	1.138	1.417	0.746	0.335
0.616	1.138	1.418	0.747	0.336
0.617	1.139	1.418	0.747	0.337
0.618	1.139	1.419	0.747	0.337
0.619	1.139	1.419	0.747	0.337
0.62	1.14	1.421	0.747	0.337
0.621	1.141	1.421	0.748	0.338
0.622	1.142	1.422	0.748	0.338
0.623	1.143	1.423	0.748	0.338
0.624	1.144	1.423	0.749	0.338
0.625	1.144	1.423	0.751	0.339
0.626	1.144	1.424	0.751	0.34
0.627	1.146	1.425	0.751	0.341
0.628	1.146	1.426	0.752	0.341
0.629	1.147	1.428	0.752	0.341
0.63	1.147	1.428	0.753	0.341
0.631	1.147	1.428	0.753	0.341
0.632	1.147	1.428	0.753	0.342
0.633	1.148	1.429	0.753	0.342
0.634	1.149	1.429	0.754	0.342
0.635	1.149	1.43	0.754	0.343
0.636	1.15	1.433	0.754	0.343
0.637	1.15	1.436	0.754	0.344
0.638	1.151	1.437	0.755	0.344
0.639	1.152	1.439	0.756	0.345
0.64	1.153	1.443	0.756	0.345
0.641	1.153	1.444	0.756	0.345
0.642	1.153	1.446	0.756	0.345
0.643	1.153	1.448	0.756	0.346
0.644	1.154	1.45	0.757	0.346
0.645	1.155	1.452	0.757	0.346
0.646	1.155	1.453	0.757	0.347
0.647	1.156	1.453	0.757	0.347
0.648	1.157	1.455	0.758	0.347
0.649	1.158	1.457	0.758	0.347
0.65	1.159	1.457	0.759	0.348
0.651	1.159	1.457	0.759	0.348
0.652	1.159	1.458	0.759	0.348
0.653	1.159	1.458	0.759	0.348
0.654	1.159	1.459	0.76	0.349
0.655	1.16	1.46	0.761	0.349
0.656	1.16	1.46	0.761	0.349
0.657	1.16	1.461	0.762	0.35
0.658	1.16	1.462	0.762	0.351
0.659	1.161	1.462	0.763	0.351
0.66	1.162	1.462	0.763	0.351
0.661	1.163	1.463	0.763	0.352
0.662	1.163	1.464	0.764	0.352
0.663	1.164	1.467	0.765	0.352
0.664	1.164	1.468	0.766	0.353
0.665	1.165	1.47	0.77	0.353
0.666	1.165	1.47	0.771	0.354
0.667	1.165	1.471	0.771	0.354
0.668	1.168	1.471	0.772	0.354
0.669	1.169	1.472	0.773	0.355
0.67	1.169	1.475	0.773	0.355
0.671	1.17	1.476	0.775	0.356
0.672	1.17	1.476	0.777	0.356
0.673	1.171	1.48	0.778	0.356
0.674	1.171	1.481	0.778	0.356
0.675	1.172	1.484	0.779	0.356
0.676	1.174	1.485	0.78	0.356
0.677	1.174	1.486	0.78	0.356
0.678	1.176	1.487	0.781	0.356
0.679	1.177	1.488	0.781	0.357
0.68	1.177	1.491	0.781	0.358
0.681	1.177	1.491	0.782	0.358
0.682	1.178	1.491	0.783	0.358
0.683	1.181	1.492	0.783	0.358
0.684	1.182	1.494	0.786	0.358
0.685	1.185	1.495	0.787	0.359
0.686	1.186	1.496	0.787	0.361
0.687	1.186	1.498	0.788	0.361
0.688	1.186	1.499	0.789	0.362
0.689	1.188	1.508	0.789	0.362
0.69	1.188	1.513	0.791	0.363
0.691	1.19	1.514	0.792	0.363
0.692	1.19	1.515	0.797	0.363
0.693	1.191	1.517	0.8	0.363
0.694	1.191	1.518	0.8	0.363
0.695	1.192	1.519	0.804	0.363
0.696	1.192	1.52	0.804	0.365
0.697	1.193	1.522	0.804	0.365
0.698	1.194	1.522	0.805	0.365
0.699	1.194	1.522	0.805	0.365
0.7	1.195	1.523	0.806	0.366
0.701	1.196	1.528	0.806	0.366
0.702	1.196	1.53	0.807	0.366
0.703	1.197	1.534	0.808	0.367
0.704	1.197	1.535	0.81	0.368
0.705	1.199	1.537	0.813	0.368
0.706	1.2	1.538	0.814	0.369
0.707	1.202	1.54	0.814	0.369
0.708	1.204	1.543	0.815	0.369
0.709	1.205	1.543	0.815	0.369
0.71	1.206	1.552	0.815	0.37
0.711	1.208	1.552	0.816	0.37
0.712	1.209	1.555	0.816	0.37
0.713	1.21	1.556	0.816	0.371
0.714	1.211	1.562	0.818	0.371
0.715	1.212	1.573	0.82	0.372
0.716	1.216	1.575	0.821	0.372
0.717	1.216	1.575	0.821	0.372
0.718	1.216	1.578	0.822	0.373
0.719	1.217	1.579	0.822	0.373
0.72	1.217	1.579	0.826	0.374
0.721	1.218	1.587	0.826	0.374
0.722	1.219	1.587	0.827	0.374
0.723	1.219	1.593	0.827	0.374
0.724	1.221	1.594	0.827	0.374
0.725	1.221	1.595	0.828	0.375
0.726	1.222	1.595	0.828	0.375
0.727	1.225	1.604	0.83	0.376
0.728	1.227	1.604	0.83	0.378
0.729	1.234	1.611	0.831	0.378
0.73	1.236	1.612	0.833	0.378
0.731	1.24	1.614	0.833	0.379
0.732	1.244	1.616	0.834	0.38
0.733	1.246	1.618	0.835	0.381
0.734	1.246	1.621	0.835	0.381
0.735	1.246	1.622	0.836	0.381
0.736	1.247	1.626	0.84	0.382
0.737	1.248	1.628	0.845	0.383
0.738	1.249	1.631	0.848	0.384
0.739	1.251	1.633	0.848	0.384
0.74	1.251	1.635	0.85	0.384
0.741	1.259	1.637	0.851	0.386
0.742	1.264	1.645	0.852	0.386
0.743	1.265	1.647	0.854	0.387
0.744	1.266	1.648	0.854	0.387
0.745	1.266	1.65	0.854	0.388
0.746	1.267	1.656	0.854	0.388
0.747	1.271	1.658	0.855	0.389
0.748	1.272	1.66	0.856	0.39
0.749	1.273	1.662	0.86	0.391
0.75	1.274	1.666	0.864	0.391
0.751	1.274	1.678	0.866	0.391
0.752	1.274	1.682	0.871	0.392
0.753	1.282	1.682	0.872	0.392
0.754	1.287	1.683	0.873	0.393
0.755	1.29	1.683	0.874	0.393
0.756	1.29	1.686	0.877	0.393
0.757	1.294	1.697	0.878	0.394
0.758	1.299	1.698	0.883	0.394
0.759	1.3	1.7	0.884	0.395
0.76	1.31	1.701	0.885	0.396
0.761	1.314	1.703	0.885	0.397
0.762	1.315	1.708	0.887	0.399
0.763	1.318	1.712	0.89	0.399
0.764	1.323	1.717	0.892	0.4
0.765	1.324	1.723	0.896	0.4
0.766	1.327	1.725	0.899	0.403
0.767	1.33	1.727	0.904	0.403
0.768	1.331	1.728	0.906	0.405
0.769	1.331	1.731	0.908	0.405
0.77	1.342	1.732	0.91	0.406
0.771	1.342	1.733	0.91	0.406
0.772	1.343	1.734	0.915	0.407
0.773	1.348	1.738	0.917	0.408
0.774	1.349	1.74	0.92	0.41
0.775	1.351	1.749	0.925	0.411
0.776	1.352	1.75	0.926	0.411
0.777	1.353	1.756	0.928	0.412
0.778	1.356	1.758	0.929	0.414
0.779	1.363	1.771	0.929	0.414
0.78	1.366	1.772	0.933	0.414
0.781	1.366	1.78	0.934	0.416
0.782	1.367	1.782	0.943	0.419
0.783	1.37	1.786	0.947	0.42
0.784	1.371	1.789	0.948	0.421
0.785	1.373	1.816	0.953	0.423
0.786	1.374	1.818	0.953	0.425
0.787	1.375	1.837	0.954	0.425
0.788	1.378	1.84	0.957	0.426
0.789	1.38	1.841	0.959	0.427
0.79	1.382	1.842	0.962	0.428
0.791	1.383	1.846	0.967	0.428
0.792	1.387	1.857	0.972	0.429
0.793	1.391	1.858	0.98	0.429
0.794	1.394	1.86	0.987	0.432
0.795	1.396	1.86	0.99	0.432
0.796	1.399	1.873	0.991	0.432
0.797	1.402	1.881	0.991	0.434
0.798	1.402	1.887	0.994	0.434
0.799	1.403	1.907	0.995	0.434
0.8	1.405	1.913	0.996	0.436
0.801	1.411	1.914	0.997	0.437
0.802	1.413	1.921	1.001	0.438
0.803	1.413	1.927	1.002	0.439
0.804	1.417	1.929	1.003	0.44
0.805	1.417	1.932	1.012	0.44
0.806	1.419	1.938	1.018	0.44
0.807	1.42	1.94	1.018	0.441
0.808	1.421	1.946	1.019	0.444
0.809	1.429	1.955	1.026	0.448
0.81	1.429	1.957	1.027	0.448
0.811	1.43	1.967	1.031	0.451
0.812	1.431	1.972	1.034	0.451
0.813	1.436	1.993	1.037	0.451
0.814	1.438	1.994	1.039	0.453
0.815	1.443	1.994	1.04	0.454
0.816	1.444	1.998	1.042	0.455
0.817	1.445	2.006	1.05	0.463
0.818	1.446	2.009	1.051	0.467
0.819	1.447	2.009	1.054	0.467
0.82	1.449	2.016	1.055	0.468
0.821	1.45	2.018	1.06	0.47
0.822	1.457	2.019	1.067	0.471
0.823	1.46	2.031	1.069	0.472
0.824	1.461	2.031	1.077	0.472
0.825	1.463	2.035	1.078	0.474
0.826	1.467	2.043	1.085	0.474
0.827	1.475	2.056	1.089	0.475
0.828	1.488	2.056	1.089	0.475
0.829	1.489	2.06	1.094	0.476
0.83	1.491	2.075	1.1	0.477
0.831	1.502	2.081	1.105	0.478
0.832	1.51	2.083	1.106	0.48
0.833	1.513	2.087	1.113	0.48
0.834	1.515	2.087	1.115	0.481
0.835	1.519	2.1	1.116	0.484
0.836	1.52	2.105	1.122	0.486
0.837	1.532	2.117	1.124	0.486
0.838	1.534	2.118	1.124	0.488
0.839	1.54	2.137	1.126	0.489
0.84	1.544	2.145	1.13	0.491
0.841	1.546	2.154	1.132	0.492
0.842	1.552	2.171	1.134	0.493
0.843	1.552	2.176	1.134	0.494
0.844	1.561	2.188	1.134	0.497
0.845	1.57	2.191	1.134	0.498
0.846	1.573	2.2	1.139	0.5
0.847	1.58	2.2	1.141	0.502
0.848	1.582	2.221	1.148	0.503
0.849	1.585	2.223	1.15	0.504
0.85	1.591	2.225	1.15	0.507
0.851	1.594	2.226	1.165	0.508
0.852	1.603	2.227	1.166	0.511
0.853	1.612	2.236	1.167	0.511
0.854	1.615	2.237	1.168	0.513
0.855	1.62	2.246	1.174	0.515
0.856	1.621	2.248	1.174	0.516
0.857	1.622	2.248	1.177	0.52
0.858	1.626	2.251	1.178	0.521
0.859	1.629	2.255	1.18	0.521
0.86	1.634	2.258	1.19	0.523
0.861	1.661	2.273	1.19	0.527
0.862	1.662	2.285	1.192	0.527
0.863	1.669	2.285	1.199	0.527
0.864	1.671	2.289	1.202	0.527
0.865	1.687	2.292	1.218	0.529
0.866	1.701	2.317	1.221	0.532
0.867	1.704	2.33	1.239	0.532
0.868	1.712	2.334	1.24	0.535
0.869	1.717	2.337	1.244	0.536
0.87	1.721	2.348	1.248	0.537
0.871	1.721	2.353	1.25	0.541
0.872	1.726	2.359	1.255	0.546
0.873	1.727	2.362	1.261	0.547
0.874	1.739	2.367	1.272	0.552
0.875	1.76	2.397	1.272	0.553
0.876	1.762	2.402	1.275	0.553
0.877	1.768	2.422	1.279	0.556
0.878	1.774	2.423	1.285	0.558
0.879	1.778	2.43	1.286	0.561
0.88	1.781	2.446	1.299	0.562
0.881	1.781	2.456	1.3	0.569
0.882	1.792	2.464	1.301	0.573
0.883	1.802	2.48	1.308	0.574
0.884	1.829	2.489	1.308	0.575
0.885	1.832	2.49	1.308	0.584
0.886	1.837	2.523	1.31	0.586
0.887	1.851	2.537	1.313	0.593
0.888	1.856	2.547	1.321	0.594
0.889	1.862	2.554	1.322	0.608
0.89	1.901	2.563	1.324	0.61
0.891	1.901	2.565	1.325	0.614
0.892	1.916	2.568	1.336	0.62
0.893	1.919	2.571	1.344	0.623
0.894	1.921	2.593	1.359	0.627
0.895	1.926	2.606	1.367	0.632
0.896	1.93	2.62	1.37	0.635
0.897	1.946	2.649	1.387	0.641
0.898	1.953	2.649	1.412	0.646
0.899	1.956	2.653	1.422	0.649
0.9	1.985	2.66	1.428	0.649
0.901	1.989	2.678	1.432	0.659
0.902	2.023	2.687	1.439	0.66
0.903	2.031	2.751	1.44	0.661
0.904	2.042	2.783	1.445	0.666
0.905	2.044	2.814	1.448	0.676
0.906	2.063	2.831	1.459	0.682
0.907	2.065	2.833	1.46	0.696
0.908	2.074	2.869	1.471	0.703
0.909	2.092	2.87	1.48	0.714
0.91	2.092	2.876	1.485	0.723
0.911	2.092	2.881	1.501	0.73
0.912	2.116	2.881	1.504	0.744
0.913	2.12	2.912	1.51	0.752
0.914	2.124	2.92	1.528	0.765
0.915	2.132	2.928	1.543	0.772
0.916	2.138	2.957	1.551	0.778
0.917	2.171	2.973	1.557	0.79
0.918	2.18	2.973	1.559	0.795
0.919	2.205	2.988	1.576	0.806
0.92	2.205	3.008	1.576	0.849
0.921	2.212	3.038	1.598	0.853
0.922	2.251	3.081	1.614	0.857
0.923	2.251	3.082	1.619	0.866
0.924	2.251	3.095	1.626	0.869
0.925	2.257	3.12	1.64	0.869
0.926	2.28	3.13	1.665	0.87
0.927	2.284	3.143	1.669	0.87
0.928	2.338	3.183	1.67	0.871
0.929	2.38	3.196	1.687	0.874
0.93	2.381	3.233	1.695	0.879
0.931	2.394	3.24	1.731	0.887
0.932	2.399	3.241	1.732	0.894
0.933	2.418	3.268	1.737	0.912
0.934	2.421	3.323	1.748	0.917
0.935	2.434	3.323	1.796	0.918
0.936	2.499	3.329	1.823	0.928
0.937	2.502	3.405	1.849	0.935
0.938	2.531	3.406	1.86	0.94
0.939	2.561	3.418	1.871	0.94
0.94	2.597	3.456	1.871	0.942
0.941	2.63	3.456	1.883	0.942
0.942	2.676	3.5	1.914	0.958
0.943	2.686	3.521	1.947	0.97
0.944	2.725	3.62	1.95	0.984
0.945	2.737	3.626	1.963	0.988
0.946	2.753	3.698	1.99	0.996
0.947	2.785	3.745	1.998	0.999
0.948	2.801	3.773	2.008	1.022
0.949	2.808	3.82	2.054	1.032
0.95	2.809	3.828	2.065	1.036
0.951	2.811	3.837	2.084	1.047
0.952	2.838	3.878	2.131	1.062
0.953	2.879	3.927	2.151	1.073
0.954	2.895	4.006	2.172	1.079
0.955	3.155	4.015	2.175	1.086
0.956	3.165	4.017	2.192	1.096
0.957	3.173	4.029	2.266	1.097
0.958	3.213	4.093	2.267	1.105
0.959	3.261	4.155	2.269	1.113
0.96	3.36	4.245	2.269	1.132
0.961	3.362	4.245	2.271	1.136
0.962	3.399	4.313	2.293	1.141
0.963	3.49	4.341	2.357	1.152
0.964	3.579	4.346	2.365	1.16
0.965	3.626	4.409	2.367	1.202
0.966	3.704	4.458	2.382	1.213
0.967	3.705	4.471	2.399	1.215
0.968	3.826	4.528	2.452	1.221
0.969	3.83	4.542	2.493	1.23
0.97	3.908	4.614	2.523	1.25
0.971	3.923	4.657	2.551	1.253
0.972	3.926	4.737	2.573	1.255
0.973	3.996	4.762	2.623	1.266
0.974	4.059	4.779	2.73	1.268
0.975	4.151	4.783	2.801	1.328
0.976	4.292	4.788	2.82	1.336
0.977	4.314	4.8	2.931	1.345
0.978	4.315	4.822	2.931	1.351
0.979	4.498	5.199	3.02	1.361
0.98	4.528	5.383	3.041	1.384
0.981	4.61	5.431	3.102	1.403
0.982	4.704	5.512	3.14	1.406
0.983	4.797	5.749	3.19	1.515
0.984	4.829	5.757	3.263	1.568
0.985	4.939	5.948	3.268	1.572
0.986	5.208	6.007	3.296	1.596
0.987	5.335	6.163	3.306	1.625
0.988	5.469	6.577	3.589	1.636
0.989	6.093	6.924	3.65	1.637
0.99	6.607	7.233	3.863	1.654
0.991	6.801	7.494	3.903	1.665
0.992	6.81	7.77	3.971	1.855
0.993	6.834	7.996	3.982	2.029
0.994	7.122	8.123	4.206	2.066
0.995	7.145	8.682	4.615	2.122
0.996	8.194	8.984	4.726	2.127
0.997	8.595	9.672	5.028	3.783
0.998	9.555	11.326	6.913	3.947
0.999	9.825	12.839	7.368	3.995
1.0	10.121	17.054	7.492	5.32
