0.001	77.509	0.273	77.377	169.024
0.002	77.551	0.28	77.47	175.532
0.003	77.569	0.28	77.493	176.886
0.004	77.571	0.288	77.549	179.832
0.005	77.574	0.29	77.555	191.233
0.006	77.577	0.298	77.763	191.403
0.007	77.59	0.298	77.974	196.299
0.008	77.596	0.301	78.127	211.849
0.009	77.602	0.302	78.156	244.653
0.01	77.602	0.303	78.213	248.335
0.011	77.603	0.307	78.286	257.272
0.012	77.607	0.308	78.336	262.89
0.013	77.611	0.308	78.404	264.361
0.014	77.614	0.309	78.415	265.455
0.015	77.62	0.309	78.607	265.675
0.016	77.622	0.311	79.155	266.389
0.017	77.627	0.311	79.39	268.477
0.018	77.631	0.311	79.608	269.179
0.019	77.632	0.312	80.006	270.33
0.02	77.64	0.314	80.339	271.171
0.021	77.652	0.314	80.458	271.839
0.022	77.659	0.316	80.485	273.527
0.023	77.665	0.317	80.863	275.13
0.024	77.665	0.318	81.186	277.462
0.025	77.692	0.319	81.241	281.307
0.026	77.696	0.321	81.935	281.626
0.027	77.697	0.321	81.976	283.845
0.028	77.699	0.321	82.095	294.985
0.029	77.7	0.322	82.172	295.533
0.03	77.712	0.322	82.353	296.929
0.031	77.73	0.322	82.378	296.971
0.032	77.736	0.322	82.629	297.022
0.033	77.736	0.322	82.787	300.035
0.034	77.75	0.323	82.822	300.337
0.035	77.751	0.323	82.834	301.654
0.036	77.758	0.324	82.85	302.08
0.037	77.758	0.324	83.428	302.965
0.038	77.76	0.326	83.58	303.984
0.039	77.766	0.329	83.608	304.873
0.04	77.781	0.33	83.977	305.861
0.041	77.784	0.33	84.067	306.451
0.042	77.793	0.331	84.091	306.544
0.043	77.802	0.332	84.338	307.88
0.044	77.823	0.332	84.582	309.474
0.045	77.832	0.332	84.643	309.749
0.046	77.834	0.334	84.776	313.548
0.047	77.85	0.335	84.803	314.076
0.048	77.863	0.335	84.812	314.579
0.049	77.868	0.336	84.83	315.052
0.05	77.871	0.337	84.836	315.731
0.051	77.881	0.337	84.85	315.952
0.052	77.896	0.338	84.853	316.322
0.053	77.904	0.339	84.909	316.498
0.054	77.91	0.34	84.95	316.572
0.055	77.914	0.342	85.0	317.343
0.056	77.955	0.342	85.052	318.057
0.057	77.956	0.342	85.066	318.377
0.058	77.967	0.342	85.096	318.437
0.059	77.99	0.343	85.098	318.46
0.06	77.994	0.345	85.125	318.634
0.061	77.996	0.346	85.139	318.999
0.062	78.005	0.346	85.16	319.265
0.063	78.006	0.346	85.187	319.303
0.064	78.012	0.346	85.189	320.064
0.065	78.015	0.346	85.199	320.3
0.066	78.018	0.347	85.215	320.554
0.067	78.029	0.347	85.222	320.807
0.068	78.033	0.347	85.222	320.813
0.069	78.038	0.347	85.223	321.096
0.07	78.043	0.347	85.224	321.198
0.071	78.045	0.348	85.227	321.69
0.072	78.049	0.35	85.23	321.809
0.073	78.063	0.35	85.233	322.001
0.074	78.063	0.351	85.239	322.596
0.075	78.074	0.351	85.24	322.733
0.076	78.084	0.351	85.245	322.873
0.077	78.135	0.352	85.246	322.889
0.078	78.153	0.352	85.251	323.318
0.079	78.159	0.352	85.257	323.58
0.08	78.159	0.353	85.259	323.764
0.081	78.171	0.353	85.267	324.292
0.082	78.173	0.353	85.28	324.315
0.083	78.175	0.353	85.294	324.8
0.084	78.18	0.353	85.295	325.92
0.085	78.196	0.354	85.297	326.224
0.086	78.205	0.354	85.299	327.158
0.087	78.223	0.354	85.303	327.834
0.088	78.223	0.355	85.304	328.989
0.089	78.244	0.357	85.304	329.218
0.09	78.245	0.357	85.308	329.365
0.091	78.249	0.359	85.31	329.569
0.092	78.25	0.36	85.31	330.544
0.093	78.27	0.36	85.318	330.698
0.094	78.28	0.36	85.318	330.802
0.095	78.282	0.36	85.32	330.968
0.096	78.286	0.361	85.321	331.368
0.097	78.292	0.362	85.325	331.993
0.098	78.296	0.362	85.326	332.353
0.099	78.307	0.363	85.327	332.896
0.1	78.314	0.364	85.331	333.093
0.101	78.317	0.364	85.332	333.115
0.102	78.335	0.365	85.333	333.751
0.103	78.34	0.365	85.333	333.829
0.104	78.343	0.365	85.339	333.901
0.105	78.351	0.365	85.34	334.952
0.106	78.351	0.366	85.342	335.129
0.107	78.382	0.367	85.347	335.383
0.108	78.392	0.367	85.347	335.733
0.109	78.399	0.367	85.35	336.905
0.11	78.408	0.367	85.353	337.131
0.111	78.428	0.368	85.353	337.56
0.112	78.452	0.368	85.354	337.784
0.113	78.469	0.368	85.355	337.859
0.114	78.483	0.369	85.356	338.088
0.115	78.489	0.37	85.357	339.085
0.116	78.509	0.37	85.358	339.387
0.117	78.519	0.37	85.36	339.418
0.118	78.533	0.372	85.361	339.519
0.119	78.549	0.373	85.365	340.396
0.12	78.549	0.373	85.366	340.619
0.121	78.553	0.373	85.367	340.873
0.122	78.557	0.374	85.367	341.118
0.123	78.563	0.374	85.371	341.671
0.124	78.572	0.374	85.373	341.76
0.125	78.583	0.374	85.374	342.161
0.126	78.583	0.376	85.374	342.194
0.127	78.602	0.376	85.377	342.704
0.128	78.613	0.377	85.379	342.829
0.129	78.614	0.377	85.379	343.272
0.13	78.625	0.378	85.38	343.603
0.131	78.662	0.378	85.384	343.642
0.132	78.691	0.38	85.384	344.375
0.133	78.721	0.38	85.385	344.775
0.134	78.762	0.38	85.385	344.943
0.135	78.764	0.38	85.393	344.979
0.136	78.79	0.382	85.397	345.033
0.137	78.8	0.382	85.398	346.238
0.138	78.863	0.383	85.399	346.288
0.139	78.896	0.383	85.404	346.612
0.14	78.916	0.383	85.404	347.001
0.141	78.969	0.383	85.404	347.137
0.142	78.977	0.383	85.405	347.484
0.143	78.984	0.383	85.406	347.611
0.144	79.001	0.383	85.408	347.639
0.145	79.015	0.384	85.409	347.904
0.146	79.028	0.385	85.411	348.436
0.147	79.045	0.385	85.414	348.44
0.148	79.069	0.387	85.417	349.337
0.149	79.072	0.387	85.418	349.369
0.15	79.077	0.387	85.42	349.403
0.151	79.088	0.387	85.422	349.52
0.152	79.094	0.387	85.423	349.854
0.153	79.116	0.388	85.426	350.495
0.154	79.152	0.388	85.427	350.838
0.155	79.174	0.389	85.427	350.875
0.156	79.176	0.389	85.428	350.964
0.157	79.21	0.389	85.431	351.019
0.158	79.24	0.389	85.432	351.054
0.159	79.462	0.389	85.435	351.425
0.16	79.478	0.391	85.437	352.165
0.161	79.493	0.391	85.438	352.176
0.162	79.591	0.392	85.441	352.487
0.163	79.624	0.392	85.442	352.644
0.164	79.653	0.392	85.443	353.464
0.165	79.656	0.393	85.444	353.473
0.166	79.681	0.393	85.445	353.708
0.167	79.708	0.394	85.447	353.771
0.168	79.72	0.394	85.447	353.914
0.169	79.836	0.397	85.448	354.191
0.17	79.842	0.398	85.448	354.346
0.171	79.871	0.398	85.449	354.567
0.172	79.923	0.399	85.45	355.166
0.173	79.986	0.401	85.454	355.197
0.174	79.996	0.401	85.455	355.304
0.175	80.045	0.401	85.455	355.494
0.176	80.081	0.402	85.456	355.496
0.177	80.099	0.402	85.456	355.522
0.178	80.127	0.403	85.458	355.546
0.179	80.129	0.403	85.458	355.664
0.18	80.407	0.403	85.459	355.951
0.181	80.453	0.403	85.459	356.895
0.182	80.514	0.405	85.463	356.993
0.183	80.529	0.405	85.464	357.035
0.184	80.562	0.405	85.464	357.202
0.185	80.582	0.406	85.464	357.271
0.186	80.634	0.408	85.464	357.671
0.187	80.644	0.409	85.465	357.758
0.188	80.694	0.41	85.465	358.942
0.189	80.768	0.41	85.465	359.03
0.19	80.792	0.41	85.466	359.148
0.191	80.793	0.41	85.466	359.448
0.192	80.916	0.411	85.468	359.886
0.193	80.929	0.413	85.47	360.166
0.194	80.941	0.414	85.472	360.188
0.195	80.944	0.414	85.473	360.294
0.196	80.947	0.415	85.475	360.303
0.197	80.949	0.417	85.479	360.806
0.198	80.955	0.417	85.479	360.99
0.199	81.052	0.418	85.48	361.0
0.2	81.164	0.418	85.484	361.384
0.201	81.189	0.42	85.485	361.389
0.202	81.224	0.42	85.496	362.842
0.203	81.265	0.42	85.497	362.963
0.204	81.285	0.421	85.502	363.121
0.205	81.289	0.422	85.502	363.203
0.206	81.301	0.422	85.504	363.3
0.207	81.328	0.423	85.504	363.34
0.208	81.35	0.423	85.506	363.697
0.209	81.357	0.423	85.506	363.829
0.21	81.361	0.424	85.508	364.21
0.211	81.365	0.424	85.508	364.316
0.212	81.374	0.425	85.51	364.563
0.213	81.438	0.425	85.51	365.134
0.214	81.441	0.426	85.51	365.271
0.215	81.484	0.426	85.511	365.36
0.216	81.542	0.426	85.512	365.393
0.217	81.564	0.427	85.514	365.466
0.218	81.606	0.427	85.52	365.878
0.219	81.803	0.428	85.523	365.934
0.22	81.846	0.428	85.523	366.252
0.221	81.859	0.429	85.525	366.366
0.222	81.863	0.429	85.526	366.732
0.223	81.92	0.429	85.526	366.824
0.224	81.941	0.429	85.529	367.152
0.225	82.175	0.429	85.533	367.353
0.226	82.23	0.429	85.535	367.446
0.227	82.277	0.429	85.536	367.55
0.228	82.285	0.43	85.536	367.747
0.229	82.343	0.43	85.537	367.937
0.23	82.364	0.43	85.538	368.017
0.231	82.559	0.43	85.539	368.7
0.232	82.571	0.431	85.539	369.304
0.233	82.657	0.431	85.542	369.502
0.234	82.663	0.431	85.542	370.029
0.235	82.84	0.431	85.542	370.327
0.236	82.909	0.431	85.545	370.35
0.237	82.912	0.432	85.548	370.956
0.238	82.955	0.432	85.553	371.097
0.239	82.977	0.432	85.556	371.109
0.24	83.005	0.432	85.559	371.224
0.241	83.005	0.432	85.561	371.357
0.242	83.122	0.433	85.562	371.563
0.243	83.193	0.433	85.564	371.739
0.244	83.256	0.433	85.564	371.946
0.245	83.445	0.433	85.567	372.021
0.246	83.875	0.433	85.568	372.074
0.247	83.886	0.433	85.57	372.716
0.248	83.924	0.433	85.571	372.76
0.249	83.996	0.434	85.572	372.921
0.25	84.033	0.434	85.572	372.982
0.251	84.079	0.434	85.577	373.585
0.252	84.088	0.434	85.577	373.605
0.253	84.323	0.434	85.578	373.766
0.254	84.459	0.435	85.581	373.776
0.255	84.514	0.435	85.582	373.786
0.256	84.521	0.435	85.582	374.085
0.257	84.613	0.435	85.587	374.686
0.258	84.639	0.435	85.588	374.829
0.259	84.687	0.435	85.59	374.851
0.26	84.746	0.435	85.591	374.871
0.261	84.765	0.435	85.592	375.264
0.262	84.79	0.435	85.598	375.286
0.263	84.81	0.436	85.599	375.708
0.264	84.811	0.436	85.6	375.786
0.265	84.85	0.436	85.601	375.795
0.266	84.914	0.436	85.604	375.821
0.267	84.957	0.436	85.605	375.856
0.268	84.975	0.436	85.607	375.999
0.269	84.986	0.436	85.608	376.892
0.27	85.061	0.436	85.608	377.374
0.271	85.063	0.437	85.616	377.557
0.272	85.075	0.437	85.617	377.988
0.273	85.089	0.437	85.617	378.431
0.274	85.168	0.437	85.618	378.591
0.275	85.172	0.437	85.622	378.674
0.276	85.21	0.437	85.623	379.25
0.277	85.241	0.438	85.629	379.715
0.278	85.327	0.438	85.631	380.066
0.279	85.353	0.438	85.632	380.187
0.28	85.398	0.438	85.634	380.826
0.281	85.407	0.438	85.637	381.16
0.282	85.413	0.438	85.639	381.535
0.283	85.42	0.438	85.642	381.62
0.284	85.437	0.438	85.644	381.645
0.285	85.438	0.439	85.645	381.724
0.286	85.439	0.439	85.647	382.013
0.287	85.447	0.439	85.648	382.02
0.288	85.453	0.439	85.65	382.288
0.289	85.46	0.439	85.654	382.562
0.29	85.475	0.439	85.659	382.756
0.291	85.478	0.439	85.662	382.806
0.292	85.481	0.44	85.669	382.889
0.293	85.483	0.44	85.672	382.901
0.294	85.493	0.44	85.674	383.073
0.295	85.501	0.44	85.676	383.219
0.296	85.507	0.44	85.677	383.359
0.297	85.512	0.44	85.68	383.671
0.298	85.518	0.44	85.681	384.086
0.299	85.531	0.44	85.681	384.215
0.3	85.535	0.44	85.682	384.267
0.301	85.539	0.44	85.685	384.409
0.302	85.543	0.441	85.693	384.486
0.303	85.545	0.441	85.696	384.532
0.304	85.547	0.441	85.701	384.937
0.305	85.548	0.441	85.705	387.632
0.306	85.555	0.442	85.711	387.781
0.307	85.559	0.442	85.711	388.622
0.308	85.559	0.442	85.72	389.29
0.309	85.561	0.442	85.721	389.326
0.31	85.563	0.442	85.727	389.713
0.311	85.563	0.442	85.733	390.505
0.312	85.565	0.442	85.738	390.955
0.313	85.568	0.442	85.74	391.459
0.314	85.575	0.442	85.74	391.569
0.315	85.578	0.442	85.74	391.732
0.316	85.578	0.442	85.74	392.223
0.317	85.579	0.442	85.741	392.411
0.318	85.58	0.443	85.746	392.612
0.319	85.58	0.443	85.753	393.302
0.32	85.58	0.443	85.763	393.713
0.321	85.58	0.443	85.763	393.732
0.322	85.581	0.443	85.779	393.836
0.323	85.582	0.444	85.781	393.943
0.324	85.582	0.444	85.79	394.062
0.325	85.585	0.444	85.793	395.352
0.326	85.588	0.444	85.794	395.678
0.327	85.589	0.445	85.796	395.956
0.328	85.592	0.445	85.796	396.379
0.329	85.598	0.445	85.797	397.25
0.33	85.601	0.445	85.819	397.364
0.331	85.602	0.445	85.821	397.873
0.332	85.604	0.445	85.831	398.258
0.333	85.608	0.445	85.833	398.339
0.334	85.616	0.445	85.834	398.87
0.335	85.616	0.445	85.838	399.703
0.336	85.621	0.445	85.839	399.966
0.337	85.622	0.446	85.843	400.618
0.338	85.63	0.446	85.844	400.838
0.339	85.63	0.446	85.844	401.024
0.34	85.633	0.446	85.857	401.165
0.341	85.634	0.446	85.86	401.56
0.342	85.634	0.446	85.862	401.874
0.343	85.636	0.446	85.866	401.946
0.344	85.636	0.447	85.87	403.176
0.345	85.637	0.447	85.871	403.923
0.346	85.641	0.447	85.872	405.132
0.347	85.644	0.447	85.872	405.139
0.348	85.645	0.448	85.874	405.41
0.349	85.645	0.448	85.877	405.822
0.35	85.65	0.448	85.878	405.86
0.351	85.651	0.448	85.884	405.931
0.352	85.652	0.448	85.895	407.358
0.353	85.653	0.448	85.899	407.405
0.354	85.654	0.448	85.912	407.562
0.355	85.654	0.449	85.913	407.68
0.356	85.656	0.449	85.92	407.805
0.357	85.657	0.449	85.921	407.861
0.358	85.657	0.449	85.929	409.419
0.359	85.659	0.449	85.93	409.497
0.36	85.659	0.449	85.93	409.638
0.361	85.66	0.449	85.931	409.962
0.362	85.66	0.449	85.937	410.48
0.363	85.662	0.449	85.938	410.935
0.364	85.664	0.449	85.943	411.866
0.365	85.667	0.45	85.945	412.317
0.366	85.668	0.45	85.948	412.585
0.367	85.67	0.45	85.953	412.818
0.368	85.67	0.45	85.96	412.869
0.369	85.671	0.45	85.964	413.261
0.37	85.671	0.45	85.966	413.449
0.371	85.672	0.45	85.968	414.317
0.372	85.672	0.45	85.973	414.784
0.373	85.673	0.45	85.973	414.997
0.374	85.674	0.45	85.978	415.293
0.375	85.678	0.451	85.981	415.514
0.376	85.679	0.451	85.983	415.945
0.377	85.679	0.451	85.984	416.333
0.378	85.68	0.451	85.987	417.032
0.379	85.68	0.451	85.993	417.996
0.38	85.681	0.452	85.993	418.102
0.381	85.682	0.452	85.995	418.497
0.382	85.685	0.452	85.996	421.807
0.383	85.692	0.452	85.997	422.652
0.384	85.692	0.452	85.998	423.11
0.385	85.692	0.453	86.001	423.4
0.386	85.694	0.453	86.001	424.23
0.387	85.694	0.453	86.004	424.684
0.388	85.7	0.453	86.006	425.15
0.389	85.703	0.453	86.007	425.279
0.39	85.704	0.453	86.018	425.445
0.391	85.709	0.453	86.018	426.147
0.392	85.71	0.453	86.021	427.974
0.393	85.71	0.453	86.022	428.877
0.394	85.712	0.453	86.023	428.961
0.395	85.715	0.453	86.026	429.06
0.396	85.716	0.453	86.033	431.213
0.397	85.718	0.453	86.035	431.481
0.398	85.72	0.454	86.036	431.611
0.399	85.721	0.454	86.038	432.641
0.4	85.721	0.454	86.038	433.688
0.401	85.721	0.454	86.04	433.829
0.402	85.723	0.454	86.041	433.865
0.403	85.725	0.454	86.043	434.8
0.404	85.725	0.454	86.043	434.813
0.405	85.726	0.455	86.046	436.516
0.406	85.728	0.455	86.051	436.704
0.407	85.73	0.455	86.053	436.877
0.408	85.733	0.455	86.059	437.147
0.409	85.735	0.455	86.06	437.63
0.41	85.741	0.455	86.061	438.722
0.411	85.744	0.455	86.068	439.728
0.412	85.745	0.455	86.068	442.074
0.413	85.746	0.456	86.07	442.916
0.414	85.747	0.456	86.071	443.079
0.415	85.749	0.456	86.082	443.501
0.416	85.749	0.456	86.087	443.603
0.417	85.751	0.456	86.09	444.517
0.418	85.756	0.456	86.091	444.982
0.419	85.756	0.456	86.091	445.268
0.42	85.756	0.456	86.094	445.28
0.421	85.759	0.456	86.097	445.801
0.422	85.761	0.456	86.103	446.931
0.423	85.761	0.456	86.103	447.308
0.424	85.763	0.457	86.104	447.785
0.425	85.764	0.457	86.109	448.618
0.426	85.768	0.457	86.112	448.745
0.427	85.768	0.457	86.113	449.633
0.428	85.774	0.457	86.12	451.832
0.429	85.781	0.457	86.122	453.523
0.43	85.781	0.457	86.123	455.476
0.431	85.782	0.457	86.126	455.934
0.432	85.785	0.457	86.136	456.414
0.433	85.785	0.457	86.141	460.18
0.434	85.788	0.458	86.143	460.194
0.435	85.79	0.458	86.143	460.744
0.436	85.793	0.458	86.143	460.757
0.437	85.801	0.458	86.145	462.532
0.438	85.802	0.458	86.147	462.736
0.439	85.802	0.458	86.147	463.288
0.44	85.803	0.458	86.149	463.915
0.441	85.805	0.458	86.152	464.042
0.442	85.806	0.458	86.158	465.18
0.443	85.808	0.459	86.162	466.014
0.444	85.809	0.459	86.166	467.861
0.445	85.813	0.459	86.172	469.409
0.446	85.814	0.459	86.176	469.421
0.447	85.823	0.459	86.176	471.69
0.448	85.826	0.459	86.177	472.006
0.449	85.834	0.459	86.182	473.078
0.45	85.834	0.459	86.186	473.739
0.451	85.834	0.459	86.195	476.081
0.452	85.835	0.459	86.199	477.076
0.453	85.837	0.459	86.203	477.894
0.454	85.84	0.459	86.209	478.642
0.455	85.84	0.46	86.209	479.897
0.456	85.841	0.46	86.209	479.981
0.457	85.843	0.46	86.21	480.481
0.458	85.849	0.46	86.21	480.905
0.459	85.85	0.46	86.211	481.436
0.46	85.85	0.46	86.214	481.639
0.461	85.852	0.46	86.219	482.16
0.462	85.856	0.46	86.22	483.011
0.463	85.859	0.46	86.222	484.027
0.464	85.866	0.461	86.223	485.891
0.465	85.869	0.461	86.228	486.599
0.466	85.87	0.461	86.229	487.025
0.467	85.872	0.461	86.229	487.127
0.468	85.876	0.461	86.231	488.039
0.469	85.882	0.461	86.234	488.193
0.47	85.884	0.462	86.236	489.447
0.471	85.886	0.462	86.236	490.053
0.472	85.89	0.462	86.236	490.288
0.473	85.892	0.462	86.237	492.168
0.474	85.892	0.462	86.238	492.941
0.475	85.893	0.462	86.238	493.056
0.476	85.903	0.462	86.239	494.24
0.477	85.909	0.462	86.244	495.458
0.478	85.912	0.462	86.251	496.334
0.479	85.917	0.462	86.256	496.677
0.48	85.917	0.462	86.261	500.8
0.481	85.923	0.463	86.268	502.459
0.482	85.932	0.463	86.276	503.102
0.483	85.947	0.463	86.277	506.157
0.484	85.949	0.463	86.28	507.3
0.485	85.95	0.463	86.284	507.736
0.486	85.951	0.463	86.287	508.903
0.487	85.952	0.463	86.294	510.845
0.488	85.956	0.463	86.301	510.905
0.489	85.962	0.463	86.304	512.109
0.49	85.98	0.464	86.305	512.735
0.491	85.982	0.464	86.306	512.991
0.492	85.989	0.465	86.309	513.664
0.493	85.991	0.465	86.309	516.124
0.494	85.992	0.465	86.315	517.478
0.495	85.993	0.465	86.323	518.735
0.496	85.994	0.465	86.327	519.745
0.497	85.998	0.465	86.331	520.86
0.498	86.0	0.465	86.337	521.474
0.499	86.002	0.465	86.349	521.499
0.5	86.005	0.465	86.358	521.534
0.501	86.006	0.465	86.359	521.881
0.502	86.01	0.465	86.36	522.039
0.503	86.028	0.465	86.363	522.413
0.504	86.032	0.466	86.366	523.293
0.505	86.053	0.466	86.373	523.726
0.506	86.056	0.466	86.375	523.903
0.507	86.056	0.466	86.375	523.925
0.508	86.058	0.466	86.379	524.811
0.509	86.061	0.466	86.388	526.883
0.51	86.066	0.466	86.389	527.426
0.511	86.067	0.467	86.395	528.243
0.512	86.069	0.467	86.396	528.298
0.513	86.074	0.467	86.397	528.61
0.514	86.074	0.467	86.402	529.325
0.515	86.077	0.467	86.402	529.363
0.516	86.077	0.467	86.409	531.452
0.517	86.084	0.467	86.42	533.429
0.518	86.096	0.467	86.421	533.833
0.519	86.099	0.467	86.428	534.704
0.52	86.104	0.467	86.446	535.121
0.521	86.114	0.468	86.459	535.317
0.522	86.123	0.468	86.459	537.037
0.523	86.126	0.468	86.468	537.147
0.524	86.127	0.468	86.469	538.387
0.525	86.127	0.468	86.471	538.744
0.526	86.136	0.469	86.484	538.936
0.527	86.141	0.469	86.486	539.301
0.528	86.141	0.469	86.5	539.958
0.529	86.143	0.469	86.51	540.32
0.53	86.145	0.469	86.522	540.421
0.531	86.16	0.469	86.53	541.878
0.532	86.162	0.469	86.534	542.779
0.533	86.175	0.469	86.539	542.835
0.534	86.176	0.469	86.541	542.975
0.535	86.179	0.469	86.544	543.135
0.536	86.184	0.47	86.545	543.63
0.537	86.185	0.47	86.547	543.728
0.538	86.188	0.47	86.548	544.684
0.539	86.192	0.47	86.552	545.69
0.54	86.195	0.47	86.554	546.813
0.541	86.209	0.47	86.586	547.19
0.542	86.218	0.47	86.589	548.345
0.543	86.239	0.47	86.589	548.436
0.544	86.244	0.471	86.59	548.453
0.545	86.245	0.471	86.606	548.738
0.546	86.246	0.471	86.609	548.986
0.547	86.246	0.471	86.61	549.154
0.548	86.25	0.471	86.62	549.293
0.549	86.256	0.472	86.622	549.548
0.55	86.258	0.472	86.623	549.816
0.551	86.271	0.472	86.63	550.427
0.552	86.275	0.472	86.63	551.776
0.553	86.276	0.472	86.631	552.56
0.554	86.279	0.472	86.634	553.336
0.555	86.293	0.472	86.647	553.399
0.556	86.297	0.472	86.649	553.928
0.557	86.297	0.472	86.65	554.077
0.558	86.298	0.472	86.659	554.822
0.559	86.312	0.472	86.66	554.866
0.56	86.314	0.473	86.662	555.453
0.561	86.318	0.473	86.663	555.477
0.562	86.32	0.473	86.671	556.667
0.563	86.326	0.473	86.675	557.588
0.564	86.327	0.473	86.684	558.727
0.565	86.328	0.473	86.686	560.092
0.566	86.337	0.473	86.693	560.858
0.567	86.344	0.474	86.694	561.181
0.568	86.35	0.474	86.695	561.903
0.569	86.356	0.474	86.696	563.505
0.57	86.356	0.474	86.7	564.23
0.571	86.358	0.474	86.701	564.931
0.572	86.362	0.474	86.713	565.109
0.573	86.366	0.475	86.724	565.548
0.574	86.368	0.475	86.737	566.534
0.575	86.38	0.475	86.744	567.425
0.576	86.386	0.475	86.748	567.559
0.577	86.391	0.475	86.755	568.002
0.578	86.397	0.475	86.756	569.808
0.579	86.406	0.475	86.757	573.436
0.58	86.414	0.476	86.762	573.793
0.581	86.414	0.476	86.774	574.374
0.582	86.42	0.476	86.78	574.589
0.583	86.43	0.476	86.793	575.206
0.584	86.435	0.476	86.799	576.42
0.585	86.439	0.476	86.809	576.628
0.586	86.443	0.477	86.813	576.716
0.587	86.443	0.477	86.813	578.023
0.588	86.462	0.477	86.813	579.64
0.589	86.463	0.477	86.815	579.849
0.59	86.465	0.478	86.82	580.602
0.591	86.465	0.478	86.831	581.147
0.592	86.471	0.478	86.839	582.285
0.593	86.476	0.478	86.85	582.565
0.594	86.478	0.478	86.851	582.753
0.595	86.489	0.478	86.854	583.551
0.596	86.499	0.479	86.856	583.587
0.597	86.515	0.479	86.861	584.207
0.598	86.537	0.479	86.876	584.745
0.599	86.538	0.479	86.886	584.872
0.6	86.541	0.479	86.888	585.068
0.601	86.546	0.479	86.898	585.566
0.602	86.559	0.479	86.898	586.165
0.603	86.578	0.48	86.899	586.308
0.604	86.583	0.48	86.909	587.806
0.605	86.593	0.48	86.911	587.894
0.606	86.6	0.48	86.926	588.774
0.607	86.6	0.48	86.932	589.267
0.608	86.602	0.481	86.934	590.211
0.609	86.603	0.481	86.938	590.392
0.61	86.612	0.481	86.94	590.829
0.611	86.624	0.481	86.944	591.48
0.612	86.632	0.481	86.948	591.562
0.613	86.637	0.481	86.95	592.177
0.614	86.639	0.481	86.959	593.129
0.615	86.65	0.481	86.962	593.469
0.616	86.652	0.481	86.979	594.315
0.617	86.656	0.481	86.988	594.835
0.618	86.661	0.482	86.996	595.154
0.619	86.67	0.482	87.001	595.209
0.62	86.734	0.482	87.01	595.262
0.621	86.754	0.482	87.022	596.238
0.622	86.765	0.483	87.042	596.327
0.623	86.765	0.483	87.043	596.348
0.624	86.772	0.483	87.046	597.294
0.625	86.782	0.483	87.048	597.359
0.626	86.785	0.483	87.049	598.124
0.627	86.786	0.484	87.056	598.916
0.628	86.806	0.484	87.061	599.24
0.629	86.808	0.484	87.07	600.915
0.63	86.81	0.484	87.084	601.735
0.631	86.815	0.484	87.085	603.943
0.632	86.818	0.484	87.087	603.949
0.633	86.824	0.485	87.088	604.151
0.634	86.824	0.485	87.092	605.228
0.635	86.828	0.485	87.1	606.878
0.636	86.832	0.485	87.104	606.916
0.637	86.838	0.485	87.105	606.935
0.638	86.857	0.486	87.126	607.425
0.639	86.905	0.486	87.127	607.511
0.64	86.912	0.486	87.131	608.336
0.641	86.916	0.486	87.142	608.716
0.642	86.926	0.486	87.15	608.796
0.643	86.964	0.486	87.15	609.276
0.644	86.965	0.486	87.152	610.261
0.645	86.967	0.487	87.156	611.523
0.646	86.984	0.487	87.16	611.548
0.647	86.989	0.487	87.163	611.651
0.648	86.99	0.488	87.165	612.659
0.649	86.993	0.488	87.181	613.295
0.65	87.002	0.488	87.183	613.947
0.651	87.014	0.488	87.216	614.063
0.652	87.024	0.488	87.218	616.468
0.653	87.028	0.488	87.227	617.26
0.654	87.03	0.488	87.232	617.506
0.655	87.032	0.488	87.232	617.52
0.656	87.038	0.488	87.248	617.694
0.657	87.04	0.489	87.251	618.05
0.658	87.043	0.489	87.256	618.577
0.659	87.05	0.489	87.261	618.645
0.66	87.053	0.489	87.266	619.686
0.661	87.062	0.489	87.292	621.9
0.662	87.065	0.489	87.295	622.337
0.663	87.089	0.49	87.295	623.003
0.664	87.09	0.49	87.297	623.377
0.665	87.114	0.49	87.302	624.905
0.666	87.115	0.49	87.305	625.286
0.667	87.15	0.49	87.314	625.545
0.668	87.17	0.49	87.327	625.796
0.669	87.172	0.49	87.33	626.434
0.67	87.181	0.491	87.332	628.558
0.671	87.202	0.491	87.336	629.456
0.672	87.239	0.491	87.348	629.865
0.673	87.285	0.491	87.35	630.217
0.674	87.293	0.491	87.354	631.536
0.675	87.306	0.491	87.355	632.369
0.676	87.31	0.491	87.399	633.261
0.677	87.317	0.492	87.402	633.326
0.678	87.345	0.492	87.409	633.639
0.679	87.37	0.492	87.413	633.98
0.68	87.421	0.492	87.428	634.603
0.681	87.435	0.492	87.43	635.02
0.682	87.447	0.492	87.431	635.461
0.683	87.451	0.493	87.447	637.021
0.684	87.505	0.493	87.448	637.791
0.685	87.524	0.493	87.456	639.049
0.686	87.574	0.493	87.477	639.116
0.687	87.577	0.493	87.492	639.714
0.688	87.581	0.493	87.492	639.773
0.689	87.587	0.493	87.54	640.276
0.69	87.606	0.493	87.553	641.66
0.691	87.633	0.494	87.553	642.959
0.692	87.669	0.494	87.557	643.072
0.693	87.692	0.494	87.562	643.089
0.694	87.721	0.494	87.573	644.236
0.695	87.804	0.494	87.589	644.247
0.696	87.811	0.494	87.597	644.336
0.697	87.822	0.494	87.603	644.845
0.698	87.827	0.494	87.603	645.656
0.699	87.856	0.495	87.634	646.52
0.7	87.87	0.495	87.636	646.698
0.701	87.884	0.495	87.64	647.141
0.702	87.894	0.495	87.651	648.016
0.703	87.959	0.495	87.684	649.023
0.704	87.988	0.496	87.698	649.026
0.705	88.015	0.496	87.702	649.28
0.706	88.035	0.496	87.704	649.314
0.707	88.078	0.496	87.731	649.408
0.708	88.122	0.496	87.747	649.633
0.709	88.125	0.496	87.782	650.017
0.71	88.153	0.496	87.795	650.153
0.711	88.184	0.496	87.809	650.212
0.712	88.198	0.496	87.812	650.256
0.713	88.221	0.496	87.827	650.576
0.714	88.247	0.496	87.83	651.354
0.715	88.253	0.497	87.837	651.636
0.716	88.275	0.497	87.841	651.695
0.717	88.283	0.497	87.86	651.835
0.718	88.295	0.497	87.88	652.21
0.719	88.329	0.497	87.911	653.206
0.72	88.362	0.498	87.915	653.248
0.721	88.368	0.498	87.937	653.276
0.722	88.374	0.498	87.954	654.775
0.723	88.385	0.498	87.962	654.991
0.724	88.402	0.498	87.99	656.234
0.725	88.406	0.498	87.991	657.637
0.726	88.414	0.499	87.994	658.315
0.727	88.446	0.499	88.009	658.407
0.728	88.451	0.499	88.029	659.427
0.729	88.48	0.499	88.029	661.803
0.73	88.488	0.499	88.036	665.141
0.731	88.492	0.499	88.05	665.46
0.732	88.511	0.499	88.081	665.982
0.733	88.523	0.499	88.099	666.187
0.734	88.546	0.5	88.11	667.338
0.735	88.546	0.5	88.116	667.511
0.736	88.549	0.5	88.124	667.929
0.737	88.56	0.5	88.163	668.077
0.738	88.56	0.5	88.179	668.164
0.739	88.567	0.5	88.202	668.473
0.74	88.573	0.5	88.301	668.523
0.741	88.586	0.5	88.314	669.04
0.742	88.594	0.5	88.364	669.25
0.743	88.599	0.5	88.368	669.519
0.744	88.62	0.5	88.422	670.202
0.745	88.623	0.501	88.435	670.63
0.746	88.625	0.501	88.446	671.256
0.747	88.647	0.501	88.494	671.59
0.748	88.65	0.501	88.503	671.898
0.749	88.685	0.501	88.526	673.205
0.75	88.69	0.501	88.545	674.236
0.751	88.706	0.502	88.55	675.479
0.752	88.723	0.502	88.589	675.54
0.753	88.749	0.502	88.613	676.202
0.754	88.768	0.502	88.656	676.829
0.755	88.771	0.502	88.662	678.083
0.756	88.772	0.502	88.669	678.617
0.757	88.798	0.502	88.676	681.223
0.758	88.817	0.502	88.679	681.81
0.759	88.831	0.502	88.695	681.985
0.76	88.868	0.502	88.702	685.26
0.761	88.909	0.502	88.707	686.339
0.762	88.913	0.502	88.712	686.503
0.763	88.946	0.503	88.712	686.938
0.764	88.971	0.503	88.721	687.534
0.765	88.974	0.503	88.754	687.569
0.766	88.977	0.503	88.759	688.247
0.767	88.979	0.503	88.787	688.524
0.768	88.992	0.504	88.792	688.56
0.769	89.015	0.504	88.797	693.017
0.77	89.017	0.504	88.846	693.308
0.771	89.019	0.504	88.852	694.67
0.772	89.024	0.504	88.878	695.098
0.773	89.026	0.504	88.879	695.82
0.774	89.032	0.504	88.909	696.143
0.775	89.036	0.505	88.958	700.737
0.776	89.055	0.505	88.97	701.462
0.777	89.065	0.505	88.985	705.108
0.778	89.094	0.505	88.994	705.881
0.779	89.102	0.505	89.024	706.76
0.78	89.111	0.505	89.05	708.187
0.781	89.113	0.505	89.076	712.2
0.782	89.124	0.506	89.119	717.21
0.783	89.125	0.506	89.12	717.752
0.784	89.192	0.506	89.156	718.033
0.785	89.221	0.506	89.184	718.806
0.786	89.225	0.506	89.226	720.228
0.787	89.246	0.506	89.243	722.357
0.788	89.249	0.506	89.273	724.549
0.789	89.252	0.506	89.29	725.645
0.79	89.254	0.506	89.303	727.285
0.791	89.311	0.507	89.373	730.988
0.792	89.318	0.507	89.373	732.855
0.793	89.332	0.507	89.386	733.192
0.794	89.339	0.507	89.423	733.713
0.795	89.382	0.507	89.452	735.228
0.796	89.385	0.507	89.48	736.281
0.797	89.396	0.507	89.522	738.629
0.798	89.406	0.507	89.524	741.736
0.799	89.418	0.508	89.54	743.584
0.8	89.418	0.508	89.594	747.825
0.801	89.423	0.508	89.637	749.023
0.802	89.463	0.508	89.663	749.915
0.803	89.502	0.509	89.666	750.772
0.804	89.522	0.509	89.698	752.064
0.805	89.535	0.509	89.707	756.139
0.806	89.545	0.509	89.722	759.147
0.807	89.55	0.509	89.757	759.771
0.808	89.565	0.509	89.763	762.481
0.809	89.568	0.51	89.788	764.499
0.81	89.593	0.51	89.815	764.974
0.811	89.594	0.51	89.816	771.012
0.812	89.656	0.51	89.866	771.34
0.813	89.685	0.51	89.945	773.997
0.814	89.773	0.511	89.974	780.143
0.815	89.81	0.511	90.036	780.817
0.816	89.842	0.511	90.078	781.494
0.817	89.863	0.511	90.095	784.245
0.818	89.908	0.511	90.11	791.276
0.819	89.95	0.512	90.188	794.172
0.82	89.952	0.512	90.219	794.756
0.821	90.033	0.512	90.261	795.376
0.822	90.059	0.512	90.288	795.571
0.823	90.101	0.513	90.335	797.986
0.824	90.189	0.513	90.363	802.218
0.825	90.343	0.513	90.375	803.984
0.826	90.426	0.513	90.425	804.153
0.827	90.469	0.514	90.433	804.836
0.828	90.494	0.514	90.494	804.998
0.829	90.502	0.514	90.543	806.464
0.83	90.569	0.514	90.599	808.018
0.831	90.576	0.515	90.645	811.853
0.832	90.587	0.516	90.692	812.127
0.833	90.626	0.516	90.711	814.438
0.834	90.63	0.516	90.749	814.812
0.835	90.719	0.516	90.751	815.834
0.836	90.727	0.517	90.783	816.018
0.837	90.77	0.517	90.82	816.286
0.838	90.798	0.517	90.933	817.061
0.839	90.813	0.517	91.086	817.066
0.84	91.083	0.517	91.121	818.244
0.841	91.134	0.517	91.141	818.699
0.842	91.154	0.517	91.153	819.356
0.843	91.229	0.518	91.181	819.408
0.844	91.238	0.519	91.204	826.051
0.845	91.332	0.519	91.226	828.046
0.846	91.382	0.52	91.292	828.117
0.847	91.412	0.52	91.316	831.233
0.848	91.526	0.521	91.432	831.293
0.849	91.643	0.522	91.703	832.294
0.85	91.667	0.523	91.791	833.204
0.851	91.684	0.523	91.917	833.229
0.852	91.733	0.524	92.019	834.8
0.853	91.777	0.524	92.022	837.28
0.854	91.955	0.524	92.223	839.791
0.855	91.965	0.524	92.231	840.253
0.856	91.967	0.525	92.447	841.367
0.857	92.134	0.525	92.585	842.008
0.858	92.354	0.525	92.592	842.922
0.859	92.44	0.525	92.617	843.386
0.86	92.553	0.525	92.738	843.9
0.861	92.579	0.525	92.819	849.917
0.862	92.937	0.525	92.942	851.448
0.863	93.078	0.525	93.059	851.636
0.864	93.3	0.526	93.293	852.995
0.865	93.36	0.526	93.527	854.812
0.866	93.413	0.526	93.609	855.04
0.867	94.093	0.526	93.761	865.353
0.868	94.204	0.526	93.813	867.112
0.869	94.293	0.526	93.878	874.632
0.87	94.861	0.527	94.093	878.387
0.871	95.024	0.528	94.113	880.98
0.872	95.184	0.528	94.37	881.376
0.873	95.315	0.529	94.572	890.22
0.874	95.47	0.529	94.993	893.445
0.875	95.758	0.53	95.319	893.831
0.876	95.767	0.53	95.333	894.532
0.877	96.238	0.531	95.591	895.465
0.878	96.466	0.531	95.88	897.36
0.879	96.614	0.531	97.425	897.887
0.88	97.247	0.533	97.431	898.008
0.881	97.501	0.533	97.467	898.416
0.882	97.895	0.533	97.493	899.011
0.883	98.27	0.534	97.529	899.991
0.884	98.344	0.534	97.8	900.283
0.885	98.448	0.534	98.278	900.483
0.886	98.539	0.534	98.707	902.883
0.887	98.853	0.535	99.133	908.497
0.888	99.174	0.535	99.213	909.016
0.889	99.232	0.536	99.524	909.355
0.89	100.255	0.536	99.971	912.238
0.891	100.338	0.538	100.211	912.769
0.892	100.474	0.538	101.573	916.004
0.893	100.48	0.539	102.761	917.416
0.894	100.9	0.539	103.658	918.267
0.895	101.203	0.539	104.209	919.183
0.896	101.514	0.539	104.654	920.258
0.897	101.613	0.54	104.784	921.249
0.898	102.659	0.541	104.804	921.26
0.899	103.028	0.542	104.947	922.991
0.9	104.599	0.544	105.263	923.102
0.901	105.406	0.544	106.513	923.178
0.902	106.041	0.545	107.035	924.904
0.903	106.676	0.545	107.376	928.135
0.904	107.752	0.545	108.473	930.183
0.905	108.573	0.545	109.407	931.029
0.906	108.579	0.545	110.193	933.127
0.907	108.605	0.546	111.307	933.481
0.908	108.75	0.546	111.36	938.846
0.909	109.273	0.547	111.436	941.591
0.91	109.808	0.547	111.903	944.821
0.911	111.21	0.548	112.988	945.766
0.912	111.787	0.549	113.041	960.34
0.913	112.359	0.549	113.584	962.718
0.914	114.399	0.552	113.669	963.333
0.915	114.945	0.553	117.425	963.596
0.916	116.284	0.553	118.278	966.16
0.917	116.917	0.553	118.801	972.601
0.918	116.98	0.555	121.326	974.176
0.919	117.397	0.556	121.767	988.382
0.92	124.181	0.556	123.639	991.921
0.921	125.987	0.557	124.169	992.351
0.922	126.256	0.557	124.923	993.891
0.923	126.386	0.557	128.414	996.588
0.924	127.621	0.559	128.756	999.493
0.925	127.685	0.561	128.981	1006.896
0.926	129.07	0.561	130.009	1012.271
0.927	129.112	0.565	132.35	1014.062
0.928	129.286	0.57	133.592	1014.155
0.929	131.495	0.573	134.076	1014.809
0.93	132.475	0.574	135.319	1015.462
0.931	143.428	0.576	136.64	1018.39
0.932	143.723	0.579	139.107	1025.483
0.933	145.545	0.582	141.678	1029.637
0.934	145.658	0.585	146.346	1035.639
0.935	151.267	0.586	153.022	1037.392
0.936	153.778	0.586	156.167	1058.445
0.937	154.36	0.588	159.318	1069.056
0.938	158.085	0.592	162.33	1075.273
0.939	159.335	0.605	162.397	1079.926
0.94	161.626	0.619	164.933	1085.869
0.941	162.169	0.634	165.283	1086.195
0.942	162.304	0.661	165.381	1091.546
0.943	162.812	0.662	165.984	1100.503
0.944	164.642	0.663	166.217	1128.139
0.945	167.26	0.677	167.192	1135.607
0.946	169.89	0.687	167.719	1138.892
0.947	171.137	0.741	168.648	1167.179
0.948	172.08	0.758	170.14	1206.244
0.949	173.859	0.765	170.325	1209.714
0.95	174.859	0.787	171.51	1211.264
0.951	175.035	0.793	172.241	1216.874
0.952	175.238	0.808	172.389	1232.51
0.953	175.823	0.812	172.559	1235.444
0.954	176.435	0.824	173.353	1266.241
0.955	177.388	0.876	175.344	1279.681
0.956	177.643	0.891	178.204	1282.471
0.957	178.431	0.909	178.512	1282.625
0.958	178.651	0.92	178.826	1287.519
0.959	179.048	0.952	179.239	1290.131
0.96	180.603	0.963	179.764	1297.244
0.961	182.983	0.994	180.437	1319.335
0.962	183.271	1.024	180.55	1324.749
0.963	183.771	1.076	180.592	1325.748
0.964	184.74	1.088	181.521	1344.289
0.965	185.209	1.159	181.831	1365.68
0.966	185.426	1.221	183.021	1385.281
0.967	186.742	1.428	183.555	1386.7
0.968	187.168	1.451	184.146	1390.06
0.969	187.558	1.481	184.419	1394.46
0.97	188.722	1.57	185.265	1401.278
0.971	188.903	1.687	186.669	1408.897
0.972	188.962	1.81	188.223	1409.71
0.973	189.184	1.84	188.787	1411.249
0.974	189.598	1.997	189.489	1419.257
0.975	189.662	2.388	189.903	1421.137
0.976	189.869	3.631	190.024	1466.825
0.977	191.956	3.924	191.234	1474.02
0.978	193.753	4.258	191.375	1524.796
0.979	195.052	4.611	192.86	1534.316
0.98	195.481	4.811	193.778	1540.86
0.981	196.222	5.508	194.497	1556.831
0.982	197.907	5.745	195.509	1581.183
0.983	198.493	5.997	196.245	1583.556
0.984	201.015	6.021	196.247	1584.795
0.985	201.581	6.482	196.559	1620.874
0.986	201.881	7.37	196.977	1632.27
0.987	203.761	7.647	197.011	1635.368
0.988	205.903	7.846	197.791	1653.093
0.989	206.867	8.139	198.567	1656.747
0.99	207.287	8.175	198.772	1698.269
0.991	207.738	8.252	199.569	1722.336
0.992	208.797	8.28	200.451	1734.106
0.993	210.671	8.402	208.136	1738.89
0.994	217.939	8.419	208.331	1746.393
0.995	219.843	8.456	214.785	1770.54
0.996	232.575	8.499	217.684	1809.227
0.997	237.548	8.51	218.172	1820.174
0.998	249.124	8.575	220.142	1913.55
0.999	296.437	9.151	233.497	2654.584
1.0	841.798	18.236	361.913	6364.914
